0.000000 0.356690 0.834411 -0.215176 -0.046430 -0.119413 -0.000017 0.000000 0.000000 0.000000 0.000000 0.000000 0.000000 -0.160699 0.000000 0.000000 0.000000 0.000000 0.000000 0.310007 0.107599 0.080433 0.951821 0.180095 -0.239490 0.065166 0.000000 0.000000 0.000000 0.000000 0.000000 0.000000
0.847181 0.335127 0.702485 -0.194422 -0.011043 -0.105814 -0.004068 -0.026373 -0.144779 -0.000504 0.044013 0.028215 -0.001925 -0.170449 -0.792292 -0.227240 0.290786 0.282568 0.013781 0.313319 0.107244 0.121863 0.965489 0.167022 -0.196170 0.038109 0.005154 0.000002 0.049734 0.075378 -0.097692 -0.046286
1.678417 0.313159 0.587428 -0.203488 0.025862 -0.078444 -0.004659 -0.026630 -0.131600 -0.021670 0.045058 0.036782 0.001317 0.163684 0.995502 -0.119841 -0.269349 -0.140712 0.040082 0.316630 0.106891 0.163291 0.976292 0.153457 -0.152269 0.010938 0.002997 -0.000771 0.049904 0.075587 -0.097944 -0.043881
2.582470 0.192757 0.373963 -0.133062 0.045906 -0.057506 0.033944 -0.120776 -0.118305 0.093065 -0.020962 -0.004729 0.026972 -0.995759 -0.724807 0.388172 -0.158135 0.108686 0.077628 0.305627 0.067167 0.219450 -0.992670 -0.075564 0.093524 0.012196 -0.014553 -0.044767 0.016855 -0.019349 -0.033047 -0.142477
3.470573 0.080352 0.272744 -0.059892 0.026917 -0.056671 0.053914 -0.135606 -0.103507 0.063681 -0.021031 0.008050 0.013359 -0.678113 0.245043 -0.689618 -0.028249 0.328942 -0.373146 0.291313 0.027797 0.234180 -0.996799 -0.011365 0.078723 0.008073 -0.015876 -0.044474 0.016432 -0.019993 -0.033131 -0.144143
4.358676 -0.046750 0.189745 -0.018733 0.008619 -0.043819 0.058348 -0.151717 -0.081129 0.028290 -0.019258 0.018778 -0.003777 -0.809243 0.466082 -0.893062 0.026746 0.272321 -0.474501 0.277000 -0.011572 0.248910 -0.996567 0.052883 0.063577 0.003916 -0.015876 -0.044465 0.016458 -0.020044 -0.033194 -0.144534
5.246778 -0.187193 0.128338 -0.008450 -0.007236 -0.023814 0.047930 -0.164156 -0.057736 -0.002868 -0.015937 0.024267 -0.017266 0.830501 0.999748 -0.735914 0.211390 -0.078220 -0.169161 0.262686 -0.050942 0.263640 0.991976 -0.116901 -0.048153 0.000259 -0.016641 -0.044165 0.016510 -0.020679 -0.032941 -0.145238
6.134879 -0.337271 0.091611 -0.028101 -0.018839 -0.000617 0.026324 -0.171356 -0.032880 -0.031878 -0.011289 0.026677 -0.026059 0.974669 0.365097 -0.004365 0.102747 -0.147961 0.120892 0.248372 -0.090311 0.278370 0.983044 -0.180407 -0.032519 0.004433 -0.017738 -0.043692 0.016624 -0.021557 -0.032280 -0.145137
7.067968 -0.612300 0.067189 0.074671 -0.000747 -0.064178 0.004575 -0.138136 0.008642 0.142334 0.020824 -0.095303 -0.004259 -0.985892 0.267398 0.765355 0.094117 -0.640127 -0.109104 0.207178 -0.145659 0.259557 -0.952101 0.303309 0.037164 0.011264 -0.027958 -0.019025 -0.036830 0.049148 0.033517 -0.136764
7.985137 -0.741714 0.083825 0.197619 0.016499 -0.151800 -0.002682 -0.144128 0.037198 0.117170 0.014519 -0.096412 -0.011191 -0.450972 0.871886 -0.432833 -0.144308 -0.254213 -0.160828 0.180299 -0.161637 0.226012 -0.929870 0.362051 0.057410 0.031061 -0.029042 -0.017641 -0.036679 0.050062 0.032506 -0.138593
8.902307 -0.875826 0.133484 0.290725 0.026230 -0.240567 -0.015601 -0.147380 0.072708 0.084078 0.006523 -0.097068 -0.013467 -0.005047 0.877096 -0.876680 -0.200922 0.019894 0.034757 0.153421 -0.177615 0.192467 -0.903226 0.419074 0.077383 0.050711 -0.029289 -0.017439 -0.036579 0.050340 0.032395 -0.139149
9.819477 -1.010555 0.216508 0.350936 0.028386 -0.328863 -0.027245 -0.146215 0.107868 0.046143 -0.001455 -0.093774 -0.008516 0.065132 0.818453 -0.957040 -0.184366 0.141715 0.204794 0.126542 -0.193593 0.158923 -0.872295 0.474108 0.096989 0.070119 -0.029385 -0.017460 -0.036492 0.050523 0.032455 -0.139406
10.736647 -1.141900 0.329663 0.374816 0.023608 -0.411225 -0.031124 -0.141034 0.136634 0.005942 -0.008199 -0.083045 0.002223 0.455957 0.276392 -0.954080 -0.119133 0.524388 0.295945 0.099663 -0.209571 0.125378 -0.837223 0.526892 0.116134 0.089196 -0.029569 -0.017242 -0.036447 0.050810 0.032207 -0.139345
11.653818 -1.266609 0.465971 0.359905 0.013216 -0.479138 -0.022619 -0.133374 0.153076 -0.028241 -0.012415 -0.067004 0.013560 0.985646 -0.963059 -0.074685 0.061754 0.624896 0.002711 0.072785 -0.225549 0.091834 -0.798177 0.577174 0.134729 0.107848 -0.030194 -0.015493 -0.036719 0.051238 0.030418 -0.137600
12.577680 -1.388705 0.451490 0.306886 -0.001332 -0.453599 0.000474 -0.006843 -0.164954 -0.026192 -0.000190 0.087295 0.000095 -0.037931 -0.769336 -0.358003 0.002649 0.555131 -0.002925 0.045418 -0.247735 0.103257 -0.759653 0.632364 0.117027 0.096685 -0.000202 -0.008616 0.049252 -0.102179 -0.018564 -0.006887
13.485604 -1.394894 0.309277 0.272948 -0.001326 -0.371212 0.000394 -0.006869 -0.147225 -0.049167 0.000218 0.092658 -0.000209 0.036582 1.007694 0.019652 0.003277 -0.467830 -0.001404 0.044932 -0.253942 0.148225 -0.762289 0.638611 0.081111 0.067169 -0.000813 -0.005403 0.049701 -0.102105 -0.018309 -0.006887
14.377049 -1.274273 0.076959 0.281931 0.003646 -0.254414 -0.049914 0.163720 -0.121403 0.061707 0.005943 0.044369 -0.036317 0.972593 -0.468811 0.079950 0.037628 0.307306 0.014671 0.070142 -0.227635 0.207296 -0.816961 0.574321 0.040114 0.033470 0.030788 0.035886 0.016258 -0.012031 -0.013514 0.197903
15.252580 -1.120973 -0.024952 0.326351 0.009319 -0.210830 -0.073180 0.192558 -0.102191 0.031622 0.006527 0.053815 -0.009629 0.959134 0.206438 -0.512330 0.015913 0.242284 0.495012 0.095840 -0.195121 0.221399 -0.864387 0.500765 0.034902 0.029178 0.029876 0.036797 0.015919 -0.012015 -0.013855 0.200689
16.128111 -0.940695 -0.102845 0.339309 0.015017 -0.161088 -0.068700 0.220720 -0.070979 -0.003842 0.005579 0.056619 0.018398 0.770804 0.643546 -0.733765 -0.031599 0.041210 0.536284 0.121537 -0.162608 0.235501 -0.905152 0.423351 0.029421 0.024661 0.029613 0.036976 0.015995 -0.011995 -0.013993 0.201896
17.003641 -0.739169 -0.148958 0.320694 0.019039 -0.112674 -0.042002 0.237819 -0.032892 -0.038919 0.002775 0.052714 0.035821 0.000000 0.880879 -0.693740 -0.080703 -0.180799 0.176596 0.147235 -0.130094 0.249604 -0.938943 0.342674 0.023714 0.019955 0.029246 0.037184 0.016188 -0.011830 -0.014153 0.202582
17.879171 -0.529701 -0.158970 0.271484 0.019746 -0.070136 -0.006651 0.237010 0.008157 -0.073101 -0.001472 0.046080 0.035945 -0.439524 0.747918 -0.546611 -0.086228 -0.165808 -0.225418 0.172932 -0.097581 0.263707 -0.965499 0.259357 0.017824 0.015094 0.029094 0.037232 0.016352 -0.011666 -0.014220 0.202173
18.754700 -0.329169 -0.133857 0.193352 0.016378 -0.033065 0.019973 0.218566 0.044559 -0.103997 -0.005764 0.041916 0.018818 -0.943878 0.394330 -0.194019 -0.046562 -0.129404 -0.429495 0.198630 -0.065067 0.277810 -0.984616 0.174041 0.011796 0.010117 0.028794 0.037460 0.016361 -0.011443 -0.014288 0.200786
19.630230 -0.150774 -0.078708 0.087884 0.009386 0.002798 0.024186 0.191960 0.071340 -0.129406 -0.008830 0.042241 -0.005701 -0.988717 -0.158981 0.389918 0.022775 -0.154135 -0.148474 0.224327 -0.032554 0.291913 -0.996146 0.087384 0.005678 0.005062 0.027812 0.038348 0.015998 -0.011044 -0.014385 0.198138
20.521676 -0.000117 0.000409 -0.044365 -0.000063 0.042988 -0.000017 0.000000 0.000000 0.000000 0.000000 0.000000 0.000000 -1.006372 -0.528496 0.883409 0.063120 -0.268462 0.161676 0.250025 -0.000040 0.306016 1.000000 -0.000055 0.000484 0.000031 0.000000 0.000000 0.000000 0.000000 0.000000 0.000000
