0.000000 -0.101240 0.538458 0.385266 -0.074933 -0.884840 -0.013166 0.000000 0.000000 0.000000 0.000000 0.000000 0.000000 0.041211 0.000000 0.000000 0.000000 0.000000 0.000000 0.280653 -0.037664 0.026427 0.999437 -0.014576 -0.020719 0.022012 0.000000 0.000000 0.000000 0.000000 0.000000 0.000000
0.708381 -0.095594 0.438851 0.351317 -0.064640 -0.751386 -0.021323 0.008179 -0.129937 -0.068003 0.011727 0.197861 -0.008958 0.039269 -0.522147 -0.460014 0.033738 0.982268 -0.022746 0.282117 -0.036157 0.060986 0.999437 -0.014608 -0.020701 0.022011 0.003376 0.001979 0.049847 -0.000493 -0.000022 -0.000206
1.400828 -0.089995 0.354066 0.299286 -0.057537 -0.614604 -0.026625 0.008024 -0.114897 -0.082090 0.009264 0.196956 -0.006818 -0.039770 0.681144 0.279499 -0.061386 -0.960179 0.046981 0.283583 -0.034649 0.095545 0.999437 -0.014635 -0.020682 0.022008 0.000848 0.002422 0.049934 0.000725 -0.000101 0.000204
2.357013 -0.195559 0.165034 0.369610 -0.051372 -0.490151 -0.146463 -0.139098 -0.120014 0.126832 -0.001168 -0.001313 -0.144044 -0.950898 -0.579785 0.493695 -0.029573 0.110694 -0.971456 0.244895 -0.057380 0.133334 0.999431 -0.011948 -0.025723 0.018275 -0.041490 -0.027622 0.003952 0.007586 0.010763 0.005313
3.297254 -0.338046 0.053590 0.481700 -0.053600 -0.485780 -0.293384 -0.172664 -0.109632 0.102275 -0.004957 0.011668 -0.176521 -0.954417 0.117402 -0.389765 -0.091637 0.245853 -0.932593 0.204742 -0.081618 0.136563 0.999378 -0.009228 -0.030780 0.014543 -0.042359 -0.026365 0.003261 0.008008 0.010601 0.005438
4.237494 -0.518609 -0.041916 0.563380 -0.060483 -0.468779 -0.476838 -0.214591 -0.087598 0.069054 -0.010137 0.020046 -0.216702 -0.861451 0.519840 -0.665391 -0.106501 0.075151 -0.825316 0.164590 -0.105857 0.139792 0.999278 -0.006508 -0.035836 0.010809 -0.042507 -0.026141 0.003133 0.008119 0.010509 0.005502
5.177734 -0.737980 -0.110085 0.610847 -0.072460 -0.448417 -0.697272 -0.250192 -0.055387 0.034043 -0.014850 0.018659 -0.250562 0.590100 0.826716 -0.705802 -0.002047 -0.186096 0.617213 0.124438 -0.130095 0.143022 0.999131 -0.003787 -0.040890 0.007076 -0.043091 -0.025162 0.003170 0.008530 0.010644 0.005451
6.117972 -0.983409 -0.138565 0.621012 -0.088405 -0.435391 -0.942089 -0.265391 -0.016499 -0.001018 -0.017686 0.010315 -0.264397 0.998055 0.244804 -0.149672 0.060831 -0.086987 0.998564 0.084286 -0.154333 0.146251 0.998938 -0.001067 -0.045943 0.003342 -0.044080 -0.023347 0.003444 0.009326 0.011119 0.005282
7.083882 -1.252585 -0.005976 0.715121 -0.123763 -0.672791 -1.176957 -0.025774 0.152202 0.111260 -0.030692 -0.263685 0.020292 0.001452 0.102878 -0.078889 -0.042621 -0.021831 0.042431 0.039295 -0.178542 0.102228 -0.998698 -0.001652 0.050994 0.000392 -0.005560 -0.000274 -0.049689 -0.001019 0.002566 -0.001271
8.049803 -1.277159 0.167440 0.802763 -0.164288 -0.933516 -1.146545 0.000000 0.000000 0.000000 0.000000 0.000000 0.000000 0.094617 -0.667697 -0.337442 0.156029 1.003861 -0.117092 0.034457 -0.178513 0.054975 -0.998698 -0.001654 0.050994 0.000392 0.000000 0.000000 0.000000 0.000000 0.000000 0.000000
