0.000000 -1.529781 0.325457 0.643224 -0.052831 -1.212428 0.000206 0.000000 0.000000 0.000000 0.000000 0.000000 0.000000 0.991494 0.000000 0.000000 0.000000 0.000000 0.000000 0.007987 -0.267394 0.079519 0.732005 -0.670261 0.079236 0.092951 0.000000 0.000000 0.000000 0.000000 0.000000 0.000000
0.985658 -1.338311 0.358195 0.581862 -0.107139 -1.140899 0.097382 0.182567 0.051605 -0.093095 -0.021747 0.087123 0.051290 1.008809 0.447255 -0.789388 0.118631 0.631837 -0.045467 0.056429 -0.269483 0.079331 0.778733 -0.618724 0.065701 0.080242 0.049801 -0.004457 -0.000122 0.039387 0.019620 0.144448
1.955440 -1.170731 0.413394 0.483126 -0.115565 -1.053661 0.128574 0.159152 0.067502 -0.120957 0.004047 0.097800 0.006708 -0.260440 0.532297 -0.960947 0.506996 0.477212 -0.987834 0.104873 -0.271572 0.079141 0.821426 -0.563976 0.051827 0.067113 0.049941 -0.002430 -0.000094 0.037859 0.021672 0.142339
2.925223 -1.030295 0.487369 0.350409 -0.100478 -0.953074 0.112590 0.132287 0.084273 -0.152591 0.019770 0.110422 -0.031597 -0.775548 0.200710 -0.418529 0.148793 0.098917 -0.602379 0.153316 -0.273661 0.078952 0.859860 -0.506303 0.037684 0.053637 0.049963 -0.001911 -0.000138 0.037865 0.021214 0.141508
3.895006 -0.914947 0.577729 0.185458 -0.076809 -0.838662 0.065906 0.112036 0.096560 -0.177385 0.024336 0.121088 -0.052772 -0.848503 -0.542898 0.975590 -0.155469 -0.703672 0.240534 0.201760 -0.275750 0.078763 0.893836 -0.446006 0.023346 0.039883 0.049998 0.000234 -0.000328 0.038109 0.020349 0.141047
4.889189 -0.710988 0.597141 0.139361 -0.057859 -0.769496 -0.034001 0.124579 -0.077095 0.130729 -0.005342 -0.048818 -0.021177 0.968934 -0.418315 0.664458 -0.034733 -0.206451 -0.020768 0.255989 -0.229298 0.080261 0.949300 -0.313229 0.007677 0.025661 0.007837 0.049348 0.001846 0.001666 0.006190 0.151405
5.867481 -0.582371 0.525429 0.259011 -0.063078 -0.812365 -0.049607 0.141743 -0.064330 0.104382 -0.004760 -0.034296 -0.006460 0.710240 0.235390 -0.519547 0.013776 0.319423 0.375067 0.261777 -0.180756 0.081948 0.970100 -0.241302 0.006425 0.025255 0.006166 0.049590 0.001676 0.001663 0.006214 0.153086
6.845774 -0.434687 0.470519 0.345120 -0.067219 -0.837426 -0.047486 0.160015 -0.046281 0.069782 -0.003158 -0.016757 0.009347 0.598632 0.431285 -0.814516 0.048976 0.412849 0.357427 0.267564 -0.132214 0.083635 0.985460 -0.168021 0.005137 0.024707 0.006042 0.049606 0.001665 0.001653 0.006247 0.153750
7.824067 -0.271170 0.434831 0.395777 -0.069280 -0.845419 -0.031743 0.173045 -0.025896 0.033438 -0.000709 -0.000173 0.019213 0.033699 0.580876 -0.989052 0.072489 0.408918 0.129713 0.273351 -0.083673 0.085321 0.995294 -0.093799 0.003820 0.024021 0.005824 0.049631 0.001680 0.001582 0.006294 0.154386
8.802360 -0.098956 0.420781 0.409138 -0.068532 -0.837410 -0.010102 0.177242 -0.002709 -0.005806 0.002254 0.015911 0.020350 -0.003993 0.560026 -0.931806 0.070691 0.365047 -0.092097 0.279138 -0.035131 0.087008 0.999546 -0.019050 0.002483 0.023200 0.005936 0.049616 0.001722 0.001524 0.006306 0.154516
9.780654 0.072167 0.429521 0.384632 -0.064921 -0.814637 0.007687 0.171295 0.019241 -0.042287 0.004746 0.029851 0.012460 -0.880096 0.367951 -0.572786 0.025971 0.160563 -0.301892 0.284925 0.013411 0.088695 0.998193 0.055806 0.001131 0.022249 0.005490 0.049666 0.001761 0.001418 0.006306 0.154066
10.758949 0.232759 0.460350 0.323341 -0.059092 -0.778050 0.012852 0.158211 0.037854 -0.073596 0.006335 0.041606 -0.000518 -0.988381 -0.077620 0.179224 -0.027006 -0.141846 -0.115783 0.290713 0.061953 0.090382 0.991242 0.130348 -0.000228 0.021173 0.004262 0.049788 0.001740 0.001340 0.006292 0.152516
11.753159 0.376482 0.511253 0.227318 -0.052031 -0.727977 0.000008 0.000000 0.000000 0.000000 0.000000 0.000000 0.000000 -1.009079 -0.357391 0.674175 -0.049579 -0.351557 0.090173 0.296500 0.110495 0.092068 0.978732 0.204160 -0.001585 0.019978 0.000000 0.000000 0.000000 0.000000 0.000000 0.000000
