0.000000 0.359845 0.786754 -0.104327 -0.026727 -0.245345 0.000005 0.000000 0.000000 0.000000 0.000000 0.000000 0.000000 0.058831 0.000000 0.000000 0.000000 0.000000 0.000000 0.299580 0.108249 0.072604 0.959302 0.180558 -0.211148 0.050554 0.000000 0.000000 0.000000 0.000000 0.000000 0.000000
0.729789 0.368614 0.640782 -0.034024 -0.017090 -0.266175 -0.001603 0.012847 -0.194750 0.072988 0.012813 -0.012826 -0.000841 0.067959 -0.905785 0.190831 0.059274 0.047239 0.005407 0.294083 0.110748 0.107783 0.967999 0.184931 -0.165205 0.038538 -0.006536 0.003946 0.049414 0.058686 -0.121595 0.006514
1.443638 0.378009 0.503679 0.010997 -0.008083 -0.270629 -0.001796 0.013633 -0.189401 0.053483 0.012291 -0.000656 0.000588 -0.060511 1.002444 -0.438316 -0.067740 0.101431 0.012122 0.288585 0.113248 0.142961 0.974422 0.188873 -0.118874 0.026430 -0.008818 0.003098 0.049119 0.060221 -0.123040 0.007016
2.437475 0.268999 0.280788 0.221931 0.034652 -0.336501 0.060302 -0.143193 -0.083994 0.170757 0.030808 -0.066139 0.036910 -0.942446 -0.357354 0.772418 0.135109 -0.291197 0.023554 0.256826 0.076262 0.166224 -0.991715 -0.096760 0.084472 0.002003 -0.024606 -0.041842 -0.011990 0.013271 0.026345 -0.196427
3.415378 0.117854 0.202799 0.382988 0.063478 -0.398447 0.087287 -0.174274 -0.066368 0.147219 0.023772 -0.056952 0.008931 -0.947544 0.319402 -0.310889 -0.144089 0.108301 -0.592071 0.230564 0.036777 0.154308 -0.995228 -0.000212 0.095858 0.018248 -0.026252 -0.040731 -0.012323 0.013160 0.026265 -0.199188
4.393282 -0.071301 0.149337 0.512435 0.081817 -0.448850 0.079490 -0.213743 -0.037717 0.113714 0.011245 -0.047324 -0.023215 -0.551923 0.659450 -0.792245 -0.287019 0.199018 -0.540328 0.204302 -0.002708 0.142393 -0.989060 0.096339 0.106312 0.034316 -0.026645 -0.040447 -0.012413 0.013261 0.026243 -0.201069
5.371186 -0.298676 0.130118 0.603409 0.085050 -0.490320 0.041525 -0.249156 0.001651 0.070946 -0.004908 -0.040065 -0.046766 -0.171803 0.713263 -0.852352 -0.268367 0.140982 -0.194214 0.178040 -0.042193 0.130477 -0.973271 0.191952 0.115732 0.050049 -0.026857 -0.040324 -0.012356 0.013590 0.026339 -0.203119
6.349089 -0.551716 0.153887 0.647500 0.071845 -0.525779 -0.010995 -0.264737 0.047348 0.018516 -0.019651 -0.032905 -0.049966 0.000000 0.670836 -0.824003 -0.174128 0.125119 0.148660 0.151778 -0.081678 0.118562 -0.948014 0.285698 0.124026 0.065296 -0.026846 -0.040396 -0.012144 0.014118 0.026469 -0.204262
7.326992 -0.805009 0.220698 0.638795 0.047460 -0.553251 -0.054035 -0.251036 0.086719 -0.036906 -0.025993 -0.019882 -0.029755 0.281311 0.557888 -0.862116 -0.029220 0.256914 0.445523 0.125516 -0.121163 0.106646 -0.913536 0.376665 0.131114 0.079908 -0.026893 -0.040420 -0.011958 0.014672 0.026225 -0.203609
8.304895 -1.033242 0.319587 0.577592 0.022042 -0.564146 -0.068472 -0.217240 0.110640 -0.085546 -0.022357 0.000737 0.001419 0.938151 0.061293 -0.521488 0.156498 0.359432 0.488840 0.099254 -0.160648 0.094731 -0.870171 0.463968 0.136926 0.093743 -0.027429 -0.040030 -0.012052 0.014838 0.025607 -0.201098
9.282797 -1.224030 0.436475 0.469873 0.004600 -0.550235 -0.049120 -0.180420 0.121218 -0.122194 -0.013590 0.023257 0.029670 0.975963 -0.461205 0.290833 0.126399 0.058134 0.046519 0.072992 -0.200133 0.082815 -0.818341 0.546758 0.141406 0.106665 -0.028777 -0.038917 -0.012544 0.014729 0.025141 -0.197463
10.126180 -1.387539 0.421667 0.310547 -0.001741 -0.415374 0.000779 -0.012057 -0.153304 -0.041124 -0.000517 0.122454 0.000343 -0.089619 -0.981691 -0.524148 0.000734 0.974849 -0.002569 0.044776 -0.243008 0.112088 -0.759267 0.631368 0.121798 0.100266 -0.002024 -0.005920 0.049607 -0.070885 -0.012493 -0.012196
10.953624 -1.397481 0.300819 0.268925 -0.002006 -0.312115 0.000881 -0.012135 -0.133004 -0.066557 0.000003 0.127672 -0.000134 0.011798 0.737706 -0.596610 0.013704 -0.055276 -0.010725 0.042824 -0.246398 0.153275 -0.759301 0.637934 0.098975 0.081893 -0.002390 -0.004016 0.049781 -0.070829 -0.012298 -0.012223
11.781068 -1.407532 0.203249 0.200116 -0.001720 -0.204947 0.000545 -0.012172 -0.108376 -0.092470 0.000548 0.129411 -0.000481 0.079837 0.945248 0.387510 0.001231 -0.857708 0.001361 0.040872 -0.249788 0.194462 -0.758650 0.643925 0.076063 0.063446 -0.002619 -0.002566 0.049865 -0.070401 -0.012116 -0.012119
12.751160 -1.272678 0.005521 0.188696 0.004880 -0.072645 -0.058738 0.175060 -0.114446 0.060591 0.007353 0.034274 -0.036076 0.985692 -0.370639 0.048013 0.044303 0.225155 0.056697 0.067504 -0.217021 0.247967 -0.819673 0.569596 0.046284 0.039421 0.031661 0.036448 0.013006 -0.015471 -0.016912 0.209614
13.705334 -1.092347 -0.097308 0.234981 0.012614 -0.035568 -0.081603 0.210425 -0.090191 0.028038 0.007971 0.040443 -0.003612 0.952042 0.337374 -0.522864 0.009703 0.112414 0.560754 0.096090 -0.180865 0.260285 -0.873571 0.483973 0.039008 0.033494 0.030541 0.037507 0.012667 -0.015479 -0.017416 0.213430
14.659508 -0.876483 -0.167382 0.244178 0.019998 0.003796 -0.067930 0.242655 -0.052532 -0.009672 0.005972 0.038513 0.027647 0.379961 0.741966 -0.643730 -0.063767 -0.119870 0.428922 0.124675 -0.144710 0.272604 -0.918450 0.393353 0.031330 0.027221 0.030033 0.037858 0.012837 -0.015364 -0.017722 0.215414
15.613681 -0.636662 -0.195719 0.216634 0.023808 0.036704 -0.029573 0.256169 -0.006526 -0.048234 0.000800 0.030406 0.041086 0.000000 0.772438 -0.612044 -0.106396 -0.154407 0.003723 0.153261 -0.108554 0.284922 -0.953847 0.298673 0.023328 0.020667 0.029858 0.037900 0.013119 -0.015150 -0.017882 0.215870
16.567854 -0.396532 -0.179581 0.153786 0.021492 0.060757 0.009047 0.242872 0.036008 -0.082537 -0.005441 0.023553 0.029193 -0.974940 0.464678 -0.255813 -0.074054 -0.118508 -0.422617 0.181847 -0.072398 0.297240 -0.979395 0.200908 0.015085 0.013900 0.029266 0.038321 0.013230 -0.014605 -0.018121 0.214069
17.522027 -0.180261 -0.123848 0.057478 0.012921 0.080800 0.023177 0.212418 0.068487 -0.111135 -0.010385 0.022171 0.001992 -0.988237 -0.103675 0.258375 0.017562 -0.064285 -0.195116 0.210432 -0.036242 0.309558 -0.994832 0.101070 0.006686 0.006989 0.028135 0.039278 0.012871 -0.013908 -0.018256 0.210024
18.492117 -0.000367 -0.037096 -0.071241 0.000013 0.104775 0.000003 0.000000 0.000000 0.000000 0.000000 0.000000 0.000000 -0.999765 -0.482129 0.715356 0.071736 -0.133242 0.128787 0.239018 -0.000086 0.321876 -0.999998 0.000188 -0.001781 0.000007 0.000000 0.000000 0.000000 0.000000 0.000000 0.000000
