-0.000248763 4.13707674547e-05 4.13707674547e-05 -4.13707674547e-05 -4.13707674547e-05 0.0 4.13707674547e-05 0.0 0.0 0.0 0.0 0.0 0.0 0.0 0.00339393939394 7.93975757576 7.94315151515 7.94181818182 0.00109090909091
0.041708012 4.13707674547e-05 4.13707674547e-05 -4.13707674547e-05 -4.13707674547e-05 0.0 4.13707674547e-05 0.0 0.0 0.0 0.0 0.0 0.0 0.0 0.00351515151515 7.94 7.94315151515 7.9416969697 0.00109090909091
0.083730165 4.13707674547e-05 4.13707674547e-05 -4.13707674547e-05 -4.13707674547e-05 0.0 4.13707674547e-05 0.0 0.0 0.0 0.0 0.0 0.0 0.0 0.00351515151515 7.94012121212 0.0 7.94157575758 0.00109090909091
0.125704951 4.13707674547e-05 4.13707674547e-05 -4.13707674547e-05 -4.13707674547e-05 0.0 4.13707674547e-05 0.0 0.0 0.0 0.0 0.0 0.0 0.0 0.00339393939394 7.93963636364 7.94303030303 7.94193939394 0.00109090909091
0.167731388 4.13707674547e-05 4.13707674547e-05 -4.13707674547e-05 -4.13707674547e-05 0.0 4.13707674547e-05 0.0 0.0 0.0 0.0 0.0 0.0 0.0 0.00339393939394 7.94012121212 7.94303030303 7.94193939394 0.00109090909091
0.20971291 4.13707674547e-05 4.13707674547e-05 -4.13707674547e-05 -4.13707674547e-05 0.0 4.13707674547e-05 0.0 0.0 0.0 0.0 0.0 0.0 0.0 0.00339393939394 7.93951515152 0.0 7.94193939394 0.00109090909091
0.251607083 4.13707674547e-05 4.13707674547e-05 -4.13707674547e-05 -4.13707674547e-05 0.0 4.13707674547e-05 0.0 0.0 0.0 0.0 0.0 0.0 0.0 0.00339393939394 7.93975757576 7.94303030303 7.94193939394 0.00109090909091
0.292588659 4.13707674547e-05 4.13707674547e-05 -4.13707674547e-05 -4.13707674547e-05 0.0 4.13707674547e-05 0.0 0.0 0.0 0.0 0.0 0.0 0.0 0.00351515151515 7.94012121212 7.94339393939 7.94193939394 0.00109090909091
0.334608933 4.13707674547e-05 4.13707674547e-05 -4.13707674547e-05 -4.13707674547e-05 0.0 4.13707674547e-05 0.0 0.0 0.0 0.0 0.0 0.0 0.0 0.00387878787879 7.93987878788 7.94303030303 7.9416969697 0.00109090909091
0.375557923 4.13707674547e-05 4.13707674547e-05 -4.13707674547e-05 -4.13707674547e-05 0.0 4.13707674547e-05 0.0 0.0 0.0 0.0 0.0 0.0 0.0 0.00339393939394 7.94 7.94303030303 7.94193939394 0.00109090909091
0.417565427 4.13707674547e-05 4.13707674547e-05 -4.13707674547e-05 -4.13707674547e-05 0.0 4.13707674547e-05 0.0 0.0 0.0 0.0 0.0 0.0 0.0 0.00339393939394 7.94 7.94303030303 7.94157575758 0.00109090909091
0.45953456 4.13707674547e-05 4.13707674547e-05 -4.13707674547e-05 -4.13707674547e-05 0.0 4.13707674547e-05 0.0 0.0 0.0 0.0 0.0 0.0 0.0 0.00339393939394 7.94 7.94303030303 7.94181818182 0.00109090909091
0.501563082 4.13707674547e-05 4.13707674547e-05 -4.13707674547e-05 -4.13707674547e-05 0.0 4.13707674547e-05 0.0 0.0 0.0 0.0 0.0 0.0 0.0 0.00387878787879 7.93951515152 7.94315151515 7.94181818182 0.00109090909091
0.543500256 4.13707674547e-05 4.13707674547e-05 -4.13707674547e-05 -4.13707674547e-05 0.0 4.13707674547e-05 0.0 0.0 0.0 0.0 0.0 0.0 0.0 0.004 7.93987878788 7.94339393939 7.94193939394 0.00109090909091
0.585493383 4.13707674547e-05 4.13707674547e-05 -4.13707674547e-05 -4.13707674547e-05 0.0 4.13707674547e-05 0.0 0.0 0.0 0.0 0.0 0.0 0.0 0.00339393939394 7.93963636364 7.94303030303 7.94193939394 0.00109090909091
0.627491321 4.13707674547e-05 4.13707674547e-05 -4.13707674547e-05 -4.13707674547e-05 0.0 4.13707674547e-05 0.0 0.0 0.0 0.0 0.0 0.0 0.0 0.00351515151515 7.94012121212 7.94303030303 7.9416969697 0.00109090909091
0.669560658 4.13707674547e-05 4.13707674547e-05 -4.13707674547e-05 -4.13707674547e-05 0.0 4.13707674547e-05 0.0 0.0 0.0 0.0 0.0 0.0 0.0 0.00351515151515 7.94012121212 7.94303030303 7.94193939394 0.00109090909091
0.711495663 4.13707674547e-05 4.13707674547e-05 -4.13707674547e-05 -4.13707674547e-05 0.0 4.13707674547e-05 0.0 0.0 0.0 0.0 0.0 0.0 0.0 0.00339393939394 7.93963636364 7.94303030303 7.94193939394 0.00109090909091
0.753470916 4.13707674547e-05 4.13707674547e-05 -4.13707674547e-05 -4.13707674547e-05 0.0 4.13707674547e-05 0.0 0.0 0.0 0.0 0.0 0.0 0.0 0.00339393939394 7.93951515152 7.94303030303 7.9416969697 0.00109090909091
0.795441409 4.13707674547e-05 4.13707674547e-05 -4.13707674547e-05 -4.13707674547e-05 0.0 4.13707674547e-05 0.0 0.0 0.0 0.0 0.0 0.0 0.0 0.00351515151515 7.94024242424 7.94303030303 7.94181818182 0.00109090909091
0.836435738 4.13707674547e-05 4.13707674547e-05 -4.13707674547e-05 -4.13707674547e-05 0.0 4.13707674547e-05 0.0 0.0 0.0 0.0 0.0 0.0 0.0 0.004 7.93975757576 7.94303030303 7.94181818182 0.00109090909091
0.87844949 4.13707674547e-05 4.13707674547e-05 -4.13707674547e-05 -4.13707674547e-05 0.0 4.13707674547e-05 0.0 0.0 0.0 0.0 0.0 0.0 0.0 0.00339393939394 7.94 7.94315151515 7.94181818182 0.00109090909091
0.920408123 4.13707674547e-05 4.13707674547e-05 -4.13707674547e-05 -4.13707674547e-05 0.0 4.13707674547e-05 0.0 0.0 0.0 0.0 0.0 0.0 0.0 0.00351515151515 7.94 7.94339393939 7.94181818182 0.00109090909091
0.962429208 4.13707674547e-05 4.13707674547e-05 -4.13707674547e-05 -4.13707674547e-05 0.0 4.13707674547e-05 0.0 0.0 0.0 0.0 0.0 0.0 0.0 0.00339393939394 7.93963636364 7.94327272727 7.94181818182 0.00109090909091
1.004418698 4.13707674547e-05 4.13707674547e-05 -4.13707674547e-05 -4.13707674547e-05 0.0 4.13707674547e-05 0.0 0.0 0.0 0.0 0.0 0.0 0.0 0.00339393939394 7.94 7.94339393939 7.9416969697 0.00109090909091
1.046370734 4.13707674547e-05 4.13707674547e-05 -4.13707674547e-05 -4.13707674547e-05 0.0 4.13707674547e-05 0.0 0.0 0.0 0.0 0.0 0.0 0.0 0.00448484848485 7.94024242424 7.94327272727 7.94181818182 0.00109090909091
1.088398548 4.13707674547e-05 4.13707674547e-05 -4.13707674547e-05 -4.13707674547e-05 0.0 4.13707674547e-05 0.0 0.0 0.0 0.0 0.0 0.0 0.0 0.00351515151515 7.94012121212 7.94339393939 7.9416969697 0.00109090909091
1.130366654 4.13707674547e-05 4.13707674547e-05 -4.13707674547e-05 -4.13707674547e-05 0.0 4.13707674547e-05 0.0 0.0 0.0 0.0 0.0 0.0 0.0 0.00351515151515 7.93963636364 7.94339393939 7.94193939394 0.00109090909091
1.172373359 4.13707674547e-05 4.13707674547e-05 -4.13707674547e-05 -4.13707674547e-05 0.0 4.13707674547e-05 0.0 0.0 0.0 0.0 0.0 0.0 0.0 0.00351515151515 7.94024242424 7.94315151515 7.94193939394 0.00109090909091
1.214340295 4.13707674547e-05 4.13707674547e-05 -4.13707674547e-05 -4.13707674547e-05 0.0 4.13707674547e-05 0.0 0.0 0.0 0.0 0.0 0.0 0.0 0.00339393939394 7.93951515152 7.94339393939 7.94181818182 0.00109090909091
1.255356241 4.13707674547e-05 4.13707674547e-05 -4.13707674547e-05 -4.13707674547e-05 0.0 4.13707674547e-05 0.0 0.0 0.0 0.0 0.0 0.0 0.0 0.00351515151515 7.94012121212 7.94303030303 7.94193939394 0.00109090909091
1.296341626 4.13707674547e-05 4.13707674547e-05 -4.13707674547e-05 -4.13707674547e-05 0.0 4.13707674547e-05 0.0 0.0 0.0 0.0 0.0 0.0 0.0 0.00339393939394 7.94012121212 7.94315151515 7.94193939394 0.00109090909091
1.338342455 4.13707674547e-05 4.13707674547e-05 -4.13707674547e-05 -4.13707674547e-05 0.0 4.13707674547e-05 0.0 0.0 0.0 0.0 0.0 0.0 0.0 0.00412121212121 7.94 7.94303030303 7.94181818182 0.00109090909091
1.380339155 4.13707674547e-05 4.13707674547e-05 -4.13707674547e-05 -4.13707674547e-05 0.0 4.13707674547e-05 0.0 0.0 0.0 0.0 0.0 0.0 0.0 0.00339393939394 7.93987878788 0.0 7.9416969697 0.00109090909091
1.422325506 4.13707674547e-05 4.13707674547e-05 -4.13707674547e-05 -4.13707674547e-05 0.0 4.13707674547e-05 0.0 0.0 0.0 0.0 0.0 0.0 0.0 0.00339393939394 7.93975757576 7.94303030303 7.94193939394 0.00109090909091
1.463292618 4.13707674547e-05 4.13707674547e-05 -4.13707674547e-05 -4.13707674547e-05 0.0 4.13707674547e-05 0.0 0.0 0.0 0.0 0.0 0.0 0.0 0.00339393939394 7.93987878788 7.94303030303 7.94193939394 0.00109090909091
1.505266226 4.13707674547e-05 4.13707674547e-05 -4.13707674547e-05 -4.13707674547e-05 0.0 4.13707674547e-05 0.0 0.0 0.0 0.0 0.0 0.0 0.0 0.00339393939394 7.94 7.94303030303 7.9416969697 0.00109090909091
1.546296145 4.13707674547e-05 4.13707674547e-05 -4.13707674547e-05 -4.13707674547e-05 0.0 4.13707674547e-05 0.0 0.0 0.0 0.0 0.0 0.0 0.0 0.00351515151515 7.94024242424 7.94315151515 7.94193939394 0.00109090909091
1.588343665 4.13707674547e-05 4.13707674547e-05 -4.13707674547e-05 -4.13707674547e-05 0.0 4.13707674547e-05 0.0 0.0 0.0 0.0 0.0 0.0 0.0 0.00351515151515 7.94012121212 7.94303030303 7.94181818182 0.00109090909091
1.630245743 4.13707674547e-05 4.13707674547e-05 -4.13707674547e-05 -4.13707674547e-05 0.0 4.13707674547e-05 0.0 0.0 0.0 0.0 0.0 0.0 0.0 0.00339393939394 7.93975757576 7.94339393939 7.94193939394 0.00109090909091
1.672288737 4.13707674547e-05 4.13707674547e-05 -4.13707674547e-05 -4.13707674547e-05 0.0 4.13707674547e-05 0.0 0.0 0.0 0.0 0.0 0.0 0.0 0.00339393939394 7.94012121212 7.94303030303 7.94181818182 0.00109090909091
1.714245764 4.13707674547e-05 4.13707674547e-05 -4.13707674547e-05 -4.13707674547e-05 0.0 4.13707674547e-05 0.0 0.0 0.0 0.0 0.0 0.0 0.0 0.00339393939394 7.93963636364 7.94303030303 7.94181818182 0.00109090909091
1.756209523 4.13707674547e-05 4.13707674547e-05 -4.13707674547e-05 -4.13707674547e-05 0.0 4.13707674547e-05 0.0 0.0 0.0 0.0 0.0 0.0 0.0 0.00339393939394 7.94 7.94339393939 7.94193939394 0.00109090909091
1.798220895 4.13707674547e-05 4.13707674547e-05 -4.13707674547e-05 -4.13707674547e-05 0.0 4.13707674547e-05 0.0 0.0 0.0 0.0 0.0 0.0 0.0 0.00339393939394 7.93963636364 7.94303030303 7.94193939394 0.00109090909091
1.83922493 4.13707674547e-05 4.13707674547e-05 -4.13707674547e-05 -4.13707674547e-05 0.0 4.13707674547e-05 0.0 0.0 0.0 0.0 0.0 0.0 0.0 0.00339393939394 7.94024242424 7.94303030303 7.94193939394 0.00109090909091
1.881203663 4.13707674547e-05 4.13707674547e-05 -4.13707674547e-05 -4.13707674547e-05 0.0 4.13707674547e-05 0.0 0.0 0.0 0.0 0.0 0.0 0.0 0.00339393939394 7.94012121212 7.94315151515 7.94193939394 0.00109090909091
1.923176553 4.13707674547e-05 4.13707674547e-05 -4.13707674547e-05 -4.13707674547e-05 0.0 4.13707674547e-05 0.0 0.0 0.0 0.0 0.0 0.0 0.0 0.00339393939394 7.93987878788 7.94315151515 7.94181818182 0.00109090909091
1.9651996 4.13707674547e-05 4.13707674547e-05 -4.13707674547e-05 -4.13707674547e-05 0.0 4.13707674547e-05 0.0 0.0 0.0 0.0 0.0 0.0 0.0 0.00339393939394 7.93975757576 0.0 7.94181818182 0.00109090909091
2.006199771 4.13707674547e-05 4.13707674547e-05 -4.13707674547e-05 -4.13707674547e-05 0.0 4.13707674547e-05 0.0 0.0 0.0 0.0 0.0 0.0 0.0 0.00351515151515 7.94024242424 7.94315151515 7.94193939394 0.00109090909091
2.04817356 4.13707674547e-05 4.13707674547e-05 -4.13707674547e-05 -4.13707674547e-05 0.0 4.13707674547e-05 0.0 0.0 0.0 0.0 0.0 0.0 0.0 0.00339393939394 7.93951515152 7.94339393939 7.9416969697 0.00109090909091
2.09014796 4.13707674547e-05 4.13707674547e-05 -4.13707674547e-05 -4.13707674547e-05 0.0 4.13707674547e-05 0.0 0.0 0.0 0.0 0.0 0.0 0.0 0.00339393939394 7.93963636364 7.94339393939 7.94181818182 0.00109090909091
2.132079839 4.13707674547e-05 4.13707674547e-05 -4.13707674547e-05 -4.13707674547e-05 0.0 4.13707674547e-05 0.0 0.0 0.0 0.0 0.0 0.0 0.0 0.00363636363636 7.93963636364 7.94327272727 7.9416969697 0.00109090909091
2.173107053 4.13707674547e-05 4.13707674547e-05 -4.13707674547e-05 -4.13707674547e-05 0.0 4.13707674547e-05 0.0 0.0 0.0 0.0 0.0 0.0 0.0 0.00339393939394 7.93975757576 7.94303030303 7.9416969697 0.00109090909091
2.215108667 4.13707674547e-05 4.13707674547e-05 -4.13707674547e-05 -4.13707674547e-05 0.0 4.13707674547e-05 0.0 0.0 0.0 0.0 0.0 0.0 0.0 0.00351515151515 7.93951515152 7.94315151515 7.94181818182 0.00109090909091
2.256096679 4.13707674547e-05 4.13707674547e-05 -4.13707674547e-05 -4.13707674547e-05 0.0 4.13707674547e-05 0.0 0.0 0.0 0.0 0.0 0.0 0.0 0.00412121212121 7.94 7.94315151515 7.9416969697 0.00109090909091
2.298070803 4.13707674547e-05 4.13707674547e-05 -4.13707674547e-05 -4.13707674547e-05 0.0 4.13707674547e-05 0.0 0.0 0.0 0.0 0.0 0.0 0.0 0.00339393939394 7.93963636364 7.94327272727 7.94193939394 0.00109090909091
2.339043164 4.13707674547e-05 4.13707674547e-05 -4.13707674547e-05 -4.13707674547e-05 0.0 4.13707674547e-05 0.0 0.0 0.0 0.0 0.0 0.0 0.0 0.00351515151515 7.94 7.94315151515 7.9416969697 0.00109090909091
2.381041789 4.13707674547e-05 4.13707674547e-05 -4.13707674547e-05 -4.13707674547e-05 0.0 4.13707674547e-05 0.0 0.0 0.0 0.0 0.0 0.0 0.0 0.00339393939394 7.94024242424 7.94303030303 7.94193939394 0.00109090909091
2.422020542 4.13707674547e-05 4.13707674547e-05 -4.13707674547e-05 -4.13707674547e-05 0.0 4.13707674547e-05 0.0 0.0 0.0 0.0 0.0 0.0 0.0 0.00339393939394 7.93963636364 7.94303030303 7.94181818182 0.00109090909091
2.463976918 4.13707674547e-05 4.13707674547e-05 -4.13707674547e-05 -4.13707674547e-05 0.0 4.13707674547e-05 0.0 0.0 0.0 0.0 0.0 0.0 0.0 0.00339393939394 7.94024242424 7.94303030303 7.94193939394 0.00109090909091
2.505018293 4.13707674547e-05 4.13707674547e-05 -4.13707674547e-05 -4.13707674547e-05 0.0 4.13707674547e-05 0.0 0.0 0.0 0.0 0.0 0.0 0.0 0.00351515151515 7.93987878788 7.94303030303 7.94193939394 0.00109090909091
2.547024323 4.13707674547e-05 4.13707674547e-05 -4.13707674547e-05 -4.13707674547e-05 0.0 4.13707674547e-05 0.0 0.0 0.0 0.0 0.0 0.0 0.0 0.00351515151515 7.93963636364 7.94303030303 7.94193939394 0.00109090909091
2.588960648 4.13707674547e-05 4.13707674547e-05 -4.13707674547e-05 -4.13707674547e-05 0.0 4.13707674547e-05 0.0 0.0 0.0 0.0 0.0 0.0 0.0 0.00339393939394 7.93975757576 7.94303030303 7.9416969697 0.00109090909091
2.630031358 4.13707674547e-05 4.13707674547e-05 -4.13707674547e-05 -4.13707674547e-05 0.0 4.13707674547e-05 0.0 0.0 0.0 0.0 0.0 0.0 0.0 0.00339393939394 7.93987878788 7.94303030303 7.94181818182 0.00109090909091
2.672015301 4.13707674547e-05 4.13707674547e-05 -4.13707674547e-05 -4.13707674547e-05 0.0 4.13707674547e-05 0.0 0.0 0.0 0.0 0.0 0.0 0.0 0.00351515151515 7.93951515152 7.94315151515 7.94181818182 0.00109090909091
2.713958987 4.13707674547e-05 4.13707674547e-05 -4.13707674547e-05 -4.13707674547e-05 0.0 4.13707674547e-05 0.0 0.0 0.0 0.0 0.0 0.0 0.0 0.004 7.93975757576 7.94315151515 7.94181818182 0.00109090909091
2.75491129 4.13707674547e-05 4.13707674547e-05 -4.13707674547e-05 -4.13707674547e-05 0.0 4.13707674547e-05 0.0 0.0 0.0 0.0 0.0 0.0 0.0 0.00339393939394 7.94012121212 7.94315151515 7.94181818182 0.00109090909091
2.796944545 4.13707674547e-05 4.13707674547e-05 -4.13707674547e-05 -4.13707674547e-05 0.0 4.13707674547e-05 0.0 0.0 0.0 0.0 0.0 0.0 0.0 0.004 7.94012121212 7.94303030303 7.94193939394 0.00109090909091
2.837923666 4.13707674547e-05 4.13707674547e-05 -4.13707674547e-05 -4.13707674547e-05 0.0 4.13707674547e-05 0.0 0.0 0.0 0.0 0.0 0.0 0.0 0.00339393939394 7.94 7.94303030303 7.94181818182 0.00109090909091
2.8799442 4.13707674547e-05 4.13707674547e-05 -4.13707674547e-05 -4.13707674547e-05 0.0 4.13707674547e-05 0.0 0.0 0.0 0.0 0.0 0.0 0.0 0.00351515151515 7.93975757576 7.94303030303 7.9416969697 0.00109090909091
2.921896552 4.13707674547e-05 4.13707674547e-05 -4.13707674547e-05 -4.13707674547e-05 0.0 4.13707674547e-05 0.0 0.0 0.0 0.0 0.0 0.0 0.0 0.00339393939394 7.93987878788 7.94327272727 7.94181818182 0.00109090909091
2.963905384 4.13707674547e-05 4.13707674547e-05 -4.13707674547e-05 -4.13707674547e-05 0.0 4.13707674547e-05 0.0 0.0 0.0 0.0 0.0 0.0 0.0 0.00339393939394 7.93963636364 7.94303030303 7.94193939394 0.00109090909091
3.005876148 4.13707674547e-05 4.13707674547e-05 -4.13707674547e-05 -4.13707674547e-05 0.0 4.13707674547e-05 0.0 0.0 0.0 0.0 0.0 0.0 0.0 0.00339393939394 7.94024242424 7.94303030303 7.9416969697 0.00109090909091
3.047798005 4.13707674547e-05 4.13707674547e-05 -4.13707674547e-05 -4.13707674547e-05 0.0 4.13707674547e-05 0.0 0.0 0.0 0.0 0.0 0.0 0.0 0.00339393939394 7.93963636364 7.94303030303 7.94193939394 0.00109090909091
3.089820724 4.13707674547e-05 4.13707674547e-05 -4.13707674547e-05 -4.13707674547e-05 0.0 4.13707674547e-05 0.0 0.0 0.0 0.0 0.0 0.0 0.0 0.00339393939394 7.93975757576 7.94303030303 7.9416969697 0.00109090909091
3.130818223 4.13707674547e-05 4.13707674547e-05 -4.13707674547e-05 -4.13707674547e-05 0.0 4.13707674547e-05 0.0 0.0 0.0 0.0 0.0 0.0 0.0 0.00339393939394 7.93951515152 7.94315151515 7.94181818182 0.00109090909091
3.172834355 4.13707674547e-05 4.13707674547e-05 -4.13707674547e-05 -4.13707674547e-05 0.0 4.13707674547e-05 0.0 0.0 0.0 0.0 0.0 0.0 0.0 0.00387878787879 7.93951515152 7.94303030303 7.94193939394 0.00109090909091
3.21479997 4.13707674547e-05 4.13707674547e-05 -4.13707674547e-05 -4.13707674547e-05 0.0 4.13707674547e-05 0.0 0.0 0.0 0.0 0.0 0.0 0.0 0.00339393939394 7.94 7.94303030303 7.94181818182 0.00109090909091
3.256798807 4.13707674547e-05 4.13707674547e-05 -4.13707674547e-05 -4.13707674547e-05 0.0 4.13707674547e-05 0.0 0.0 0.0 0.0 0.0 0.0 0.0 0.00339393939394 7.94 7.94303030303 7.9416969697 0.00109090909091
3.298749882 4.13707674547e-05 4.13707674547e-05 -4.13707674547e-05 -4.13707674547e-05 0.0 4.13707674547e-05 0.0 0.0 0.0 0.0 0.0 0.0 0.0 0.00339393939394 7.94012121212 7.94303030303 7.94181818182 0.00109090909091
3.339817333 4.13707674547e-05 4.13707674547e-05 -4.13707674547e-05 -4.13707674547e-05 0.0 4.13707674547e-05 0.0 0.0 0.0 0.0 0.0 0.0 0.0 0.00339393939394 7.93963636364 7.94315151515 7.94193939394 0.00109090909091
3.38178259 4.13707674547e-05 4.13707674547e-05 -4.13707674547e-05 -4.13707674547e-05 0.0 4.13707674547e-05 0.0 0.0 0.0 0.0 0.0 0.0 0.0 0.00339393939394 7.93963636364 7.94303030303 7.94193939394 0.00109090909091
3.423712074 4.13707674547e-05 4.13707674547e-05 -4.13707674547e-05 -4.13707674547e-05 0.0 4.13707674547e-05 0.0 0.0 0.0 0.0 0.0 0.0 0.0 0.004 7.93987878788 7.94303030303 7.94193939394 0.00109090909091
3.46571344 4.13707674547e-05 4.13707674547e-05 -4.13707674547e-05 -4.13707674547e-05 0.0 4.13707674547e-05 0.0 0.0 0.0 0.0 0.0 0.0 0.0 0.00339393939394 7.93963636364 7.94303030303 7.9416969697 0.00109090909091
3.5077206 4.13707674547e-05 4.13707674547e-05 -4.13707674547e-05 -4.13707674547e-05 0.0 4.13707674547e-05 0.0 0.0 0.0 0.0 0.0 0.0 0.0 0.00339393939394 7.94024242424 7.94303030303 7.94193939394 0.00109090909091
3.549750895 4.13707674547e-05 4.13707674547e-05 -4.13707674547e-05 -4.13707674547e-05 0.0 4.13707674547e-05 0.0 0.0 0.0 0.0 0.0 0.0 0.0 0.00339393939394 7.94012121212 7.94339393939 7.94157575758 0.00109090909091
3.591722499 4.13707674547e-05 4.13707674547e-05 -4.13707674547e-05 -4.13707674547e-05 0.0 4.13707674547e-05 0.0 0.0 0.0 0.0 0.0 0.0 0.0 0.00351515151515 7.94012121212 7.94339393939 7.94181818182 0.00109090909091
3.633733676 4.13707674547e-05 4.13707674547e-05 -4.13707674547e-05 -4.13707674547e-05 0.0 4.13707674547e-05 0.0 0.0 0.0 0.0 0.0 0.0 0.0 0.00339393939394 7.94 7.94303030303 7.9416969697 0.00109090909091
3.675644453 4.13707674547e-05 4.13707674547e-05 -4.13707674547e-05 -4.13707674547e-05 0.0 4.13707674547e-05 0.0 0.0 0.0 0.0 0.0 0.0 0.0 0.00339393939394 7.94 7.94303030303 7.94181818182 0.00109090909091
3.717600824 4.13707674547e-05 4.13707674547e-05 -4.13707674547e-05 -4.13707674547e-05 0.0 4.13707674547e-05 0.0 0.0 0.0 0.0 0.0 0.0 0.0 0.00339393939394 7.93987878788 7.94315151515 7.9416969697 0.00109090909091
3.759573974 4.13707674547e-05 4.13707674547e-05 -4.13707674547e-05 -4.13707674547e-05 0.0 4.13707674547e-05 0.0 0.0 0.0 0.0 0.0 0.0 0.0 0.00351515151515 7.93951515152 0.0 7.94181818182 0.00109090909091
3.800569898 4.13707674547e-05 4.13707674547e-05 -4.13707674547e-05 -4.13707674547e-05 0.0 4.13707674547e-05 0.0 0.0 0.0 0.0 0.0 0.0 0.0 0.00339393939394 7.94012121212 7.94303030303 7.94181818182 0.00109090909091
3.842562331 4.13707674547e-05 4.13707674547e-05 -4.13707674547e-05 -4.13707674547e-05 0.0 4.13707674547e-05 0.0 0.0 0.0 0.0 0.0 0.0 0.0 0.00339393939394 7.94012121212 7.94315151515 7.94193939394 0.00109090909091
3.884538863 4.13707674547e-05 4.13707674547e-05 -4.13707674547e-05 -4.13707674547e-05 0.0 4.13707674547e-05 0.0 0.0 0.0 0.0 0.0 0.0 0.0 0.00339393939394 7.94024242424 7.94327272727 7.94181818182 0.00109090909091
3.926543788 4.13707674547e-05 4.13707674547e-05 -4.13707674547e-05 -4.13707674547e-05 0.0 4.13707674547e-05 0.0 0.0 0.0 0.0 0.0 0.0 0.0 0.00339393939394 7.94012121212 7.94303030303 7.9416969697 0.00109090909091
3.968474301 4.13707674547e-05 4.13707674547e-05 -4.13707674547e-05 -4.13707674547e-05 0.0 4.13707674547e-05 0.0 0.0 0.0 0.0 0.0 0.0 0.0 0.00339393939394 7.93963636364 7.94315151515 7.9416969697 0.00109090909091
4.010526965 4.13707674547e-05 4.13707674547e-05 -4.13707674547e-05 -4.13707674547e-05 0.0 4.13707674547e-05 0.0 0.0 0.0 0.0 0.0 0.0 0.0 0.00351515151515 7.94024242424 7.94327272727 7.9416969697 0.00109090909091
4.052464382 4.13707674547e-05 4.13707674547e-05 -4.13707674547e-05 -4.13707674547e-05 0.0 4.13707674547e-05 0.0 0.0 0.0 0.0 0.0 0.0 0.0 0.00339393939394 7.93975757576 7.94303030303 7.94193939394 0.00109090909091
4.09446987 4.13707674547e-05 4.13707674547e-05 -4.13707674547e-05 -4.13707674547e-05 0.0 4.13707674547e-05 0.0 0.0 0.0 0.0 0.0 0.0 0.0 0.00351515151515 7.93987878788 7.94315151515 7.94157575758 0.00109090909091
4.135514832 4.13707674547e-05 4.13707674547e-05 -4.13707674547e-05 -4.13707674547e-05 0.0 4.13707674547e-05 0.0 0.0 0.0 0.0 0.0 0.0 0.0 0.00351515151515 7.93975757576 7.94303030303 7.94193939394 0.00109090909091
4.177488807 4.13707674547e-05 4.13707674547e-05 -4.13707674547e-05 -4.13707674547e-05 0.0 4.13707674547e-05 0.0 0.0 0.0 0.0 0.0 0.0 0.0 0.00339393939394 7.93987878788 7.94303030303 7.94193939394 0.00109090909091
4.218436289 4.13707674547e-05 4.13707674547e-05 -4.13707674547e-05 -4.13707674547e-05 0.0 4.13707674547e-05 0.0 0.0 0.0 0.0 0.0 0.0 0.0 0.00339393939394 7.93951515152 7.94303030303 7.9416969697 0.00109090909091
4.260423106 4.13707674547e-05 4.13707674547e-05 -4.13707674547e-05 -4.13707674547e-05 0.0 4.13707674547e-05 0.0 0.0 0.0 0.0 0.0 0.0 0.0 0.00339393939394 7.93987878788 7.94339393939 7.94181818182 0.00109090909091
4.302411178 4.13707674547e-05 4.13707674547e-05 -4.13707674547e-05 -4.13707674547e-05 0.0 4.13707674547e-05 0.0 0.0 0.0 0.0 0.0 0.0 0.0 0.00339393939394 7.94 7.94303030303 7.94193939394 0.00109090909091
4.344425054 4.13707674547e-05 4.13707674547e-05 -4.13707674547e-05 -4.13707674547e-05 0.0 4.13707674547e-05 0.0 0.0 0.0 0.0 0.0 0.0 0.0 0.00339393939394 7.94024242424 7.94303030303 7.94181818182 0.00109090909091
4.386410907 4.13707674547e-05 4.13707674547e-05 -4.13707674547e-05 -4.13707674547e-05 0.0 4.13707674547e-05 0.0 0.0 0.0 0.0 0.0 0.0 0.0 0.00339393939394 7.93951515152 7.94303030303 7.94193939394 0.00109090909091
4.428382187 4.13707674547e-05 4.13707674547e-05 -4.13707674547e-05 -4.13707674547e-05 0.0 4.13707674547e-05 0.0 0.0 0.0 0.0 0.0 0.0 0.0 0.00448484848485 7.94012121212 7.94327272727 7.9416969697 0.00109090909091
4.470358984 4.13707674547e-05 4.13707674547e-05 -4.13707674547e-05 -4.13707674547e-05 0.0 4.13707674547e-05 0.0 0.0 0.0 0.0 0.0 0.0 0.0 0.00339393939394 7.94012121212 7.94303030303 7.9416969697 0.00109090909091
4.511427241 4.13707674547e-05 4.13707674547e-05 -4.13707674547e-05 -4.13707674547e-05 0.0 4.13707674547e-05 0.0 0.0 0.0 0.0 0.0 0.0 0.0 0.00351515151515 7.94012121212 7.94339393939 7.94193939394 0.00109090909091
4.553472419 4.13707674547e-05 4.13707674547e-05 -4.13707674547e-05 -4.13707674547e-05 0.0 4.13707674547e-05 0.0 0.0 0.0 0.0 0.0 0.0 0.0 0.00339393939394 7.94012121212 7.94303030303 7.9416969697 0.00109090909091
4.691437282 4.13707674547e-05 4.13707674547e-05 -4.13707674547e-05 -4.13707674547e-05 0.0 4.13707674547e-05 0.0 0.0 0.0 0.0 0.0 0.0 0.0 0.00351515151515 7.94 7.94339393939 7.94181818182 0.00109090909091
5.036305692 4.13707674547e-05 -0.00204785298901 0.0031028075591 -2.06853837273e-05 2.06853837273e-05 -8.27415349094e-05 0.0 0.0141326858456 -0.0261971737627 0.0 0.0 -0.00551519447635 0.0 0.00484848484848 7.93842424242 0.0 0.000363636363636 0.0
5.078243055 4.13707674547e-05 -0.000744673814184 0.00233744836119 2.06853837273e-05 8.27415349094e-05 -8.27415349094e-05 0.0 0.0279206720365 -0.0203372796315 0.0 0.00103409896432 -0.00551519447635 0.0 0.00654545454545 7.93539393939 0.0 0.000363636363636 0.000969696969697
5.120253732 4.13707674547e-05 0.000827415349094 0.000330966139637 6.2056151182e-05 0.000124112302364 -8.27415349094e-05 0.0 0.0434321565012 -0.0444662554656 0.00172349827386 0.00172349827386 -0.00551519447635 0.0 0.00654545454545 7.93551515152 0.000484848484848 0.0 0.00109090909091
5.161226342 4.13707674547e-05 0.00283389757065 -0.00225470682628 0.000103426918637 0.000124112302364 -8.27415349094e-05 0.0 0.0565307433826 -0.0768680230141 0.00103409896432 0.00172349827386 0.0 0.0 0.00654545454545 7.93575757576 0.0 0.000363636363636 0.000969696969697
5.203216955 4.13707674547e-05 0.00517134593184 -0.00523340208302 0.000165483069819 0.000124112302364 -8.27415349094e-05 0.0 0.0565307433826 -0.078591521288 0.000689399309544 0.00172349827386 0.0 0.0 0.00678787878788 7.936 0.000363636363636 0.0 0.000969696969697
5.245178681 4.13707674547e-05 0.00777770428148 -0.00833620964212 0.000289595372183 0.000165483069819 -8.27415349094e-05 0.0 0.0706634292282 -0.0672164326805 0.00620459378589 0.0 0.0 0.0 0.00739393939394 7.93612121212 0.0 0.000363636363636 0.000727272727273
5.287200276 4.13707674547e-05 0.0106322872359 -0.0112942195151 0.000268909988455 0.000289595372183 -8.27415349094e-05 0.0 0.0689399309544 -0.0637694361328 -0.00620459378589 0.0048257951668 0.0 0.0 0.0070303030303 7.93575757576 0.0 0.000242424242424 0.000242424242424
5.329166842 4.13707674547e-05 0.0134868701902 -0.014107431702 0.000289595372183 0.000330966139637 -8.27415349094e-05 0.0 0.0641141357875 -0.0920348078241 -0.000344699654772 0.00413639585726 0.0 0.0 0.00727272727273 7.93575757576 0.0 7.94351515152 0.0
5.370101386 4.13707674547e-05 0.0163414531446 -0.0172722954123 0.000289595372183 0.000330966139637 -8.27415349094e-05 0.0 0.0685952312996 -0.0720422278473 0.000344699654772 0.00413639585726 0.0 0.0 0.00715151515152 7.93575757576 0.0 0.0 0.0
5.412221482 4.13707674547e-05 0.0196924853084 -0.0206440129599 0.000289595372183 0.000330966139637 -8.27415349094e-05 0.0 0.0699740299187 -0.071008128883 0.000344699654772 0.0 0.0 0.0 0.00727272727273 7.93575757576 0.0 7.94351515152 0.000969696969697
5.45417973 4.13707674547e-05 0.0221954167394 -0.0229814613211 0.000248224604728 0.000330966139637 -4.13707674547e-05 0.0 0.0761786237046 -0.0734210264664 -0.00172349827386 0.0 0.0 0.0 0.0070303030303 7.93563636364 7.94351515152 0.0 0.00145454545455
5.496104648 4.13707674547e-05 0.0251947973799 -0.0261049542639 0.000103426918637 0.000330966139637 4.13707674547e-05 0.0 0.0720422278473 -0.0827279171452 -0.00517049482158 0.0 0.00551519447635 0.0 0.00715151515152 7.93648484848 7.94339393939 0.0 0.00157575757576
5.537125764 4.13707674547e-05 0.0281321218692 -0.029207761823 0.000103426918637 0.000330966139637 6.2056151182e-05 0.0 0.0685952312996 -0.0689399309544 -0.0024128975834 0.0 0.00551519447635 0.0 0.00642424242424 7.93612121212 7.94242424242 0.0 0.00181818181818
5.579066445 4.13707674547e-05 0.031028075591 -0.0321244009286 8.27415349094e-05 0.000330966139637 0.000330966139637 0.0 0.0668717330257 -0.0654929344066 -0.0024128975834 0.0 0.0117197882622 0.0 0.00666666666667 7.93563636364 7.9423030303 0.0 0.00206060606061
5.621127355 4.13707674547e-05 0.0344825346735 -0.0357443430808 4.13707674547e-05 0.000434393058274 0.000496449209456 0.0 0.0758339240498 -0.0727316271568 -0.00103409896432 0.0048257951668 0.0048257951668 0.0 0.0070303030303 7.93636363636 7.9423030303 0.000727272727273 0.00157575757576
5.662077549 4.13707674547e-05 0.0370061514882 -0.0383920721979 2.06853837273e-05 0.000641246895548 0.000496449209456 0.0 0.0775574223236 -0.0806597192166 -0.00103409896432 0.00551519447635 0.0048257951668 0.0 0.00654545454545 7.93660606061 7.94254545455 0.000242424242424 0.00133333333333
5.704024448 4.13707674547e-05 0.0399434759775 -0.0413707674547 2.06853837273e-05 0.000827415349094 0.000496449209456 0.0 0.0668717330257 -0.0796256202523 -0.00103409896432 0.00379169620249 0.0048257951668 0.0 0.00654545454545 7.93587878788 7.94242424242 0.000242424242424 0.000242424242424
5.745100344 4.13707674547e-05 0.0429635420017 -0.0443287773277 0.0 0.00105495457009 0.000496449209456 0.0 0.0703187295734 -0.0575648423469 -0.00103409896432 0.00413639585726 0.0 0.0 0.00630303030303 7.93575757576 7.94206060606 0.000242424242424 0.00109090909091
5.787028565 4.13707674547e-05 0.0461077203282 -0.0474315848868 -2.06853837273e-05 0.00124112302364 0.000496449209456 0.0 0.0844514154191 -0.0823832174904 0.0 0.0048257951668 0.0 0.0 0.00654545454545 7.936 7.94206060606 0.000727272727273 0.00121212121212
5.828980498 4.13707674547e-05 0.0496862917131 -0.0511963247252 -4.13707674547e-05 0.0015100330121 0.000496449209456 0.0 0.0730763268116 -0.0734210264664 -0.000344699654772 0.00654929344066 0.0 0.0 0.00630303030303 7.93587878788 7.94206060606 0.000242424242424 0.00121212121212
5.870990572 4.13707674547e-05 0.0521271669929 -0.0538233684585 -6.2056151182e-05 0.00161345993073 0.000496449209456 0.0 0.0747998250855 -0.0844514154191 -0.000344699654772 0.0024128975834 0.0 0.0 0.00654545454545 7.93648484848 7.94181818182 0.000242424242424 0.00169696969697
5.911991442 4.13707674547e-05 0.055229974552 -0.0570709737037 -8.27415349094e-05 0.00184099915173 0.000496449209456 0.0 0.0782468216332 -0.0889325109311 -0.000344699654772 0.00517049482158 0.0 0.0 0.00642424242424 7.93636363636 7.94206060606 0.000606060606061 0.00181818181818
5.953960382 4.13707674547e-05 0.0582500405762 -0.0601324104954 -0.000103426918637 0.00194442607037 0.000496449209456 0.0 0.0696293302639 -0.063424736478 -0.000344699654772 0.00137879861909 0.0 0.0 0.00618181818182 7.93612121212 7.94133333333 0.000242424242424 0.00193939393939
5.99601709 4.13707674547e-05 0.061828611961 -0.0637109818802 -0.000124112302364 0.00223402144255 0.000558505360638 0.0 0.0723869275021 -0.0720422278473 -0.000344699654772 0.00448109551203 0.0 0.0 0.00569696969697 7.93587878788 7.94181818182 0.000242424242424 0.00230303030303
6.037960746 4.13707674547e-05 0.0642901726246 -0.0662966548461 -0.000144797686091 0.00239950451237 0.000641246895548 0.0 0.0792809205975 -0.0910007088597 -0.000344699654772 0.00620459378589 0.00310229689295 0.0 0.00557575757576 7.93636363636 7.94206060606 0.000242424242424 0.00206060606061
6.079895117 4.13707674547e-05 0.0673722947999 -0.0695856308588 -0.000186168453546 0.00256498758219 0.000641246895548 0.0 0.0737657261212 -0.0858302140382 -0.000689399309544 0.00344699654772 0.00172349827386 0.0 0.00630303030303 7.93624242424 7.94206060606 0.000242424242424 0.00181818181818
6.121866239 4.13707674547e-05 0.0704544169753 -0.0726263822667 -0.000206853837273 0.00281321218692 0.000641246895548 0.0 0.0744551254307 -0.0806597192166 -0.000689399309544 0.00585989413112 0.00172349827386 0.0 0.00545454545455 7.93612121212 7.94145454545 0.000242424242424 0.00206060606061
6.163863118 4.13707674547e-05 0.0734537976158 -0.0757705605932 -0.000248224604728 0.00295800987301 0.000641246895548 0.0 0.0720422278473 -0.0706634292282 -0.00103409896432 0.00448109551203 0.00172349827386 0.0 0.00533333333333 7.936 7.94193939394 0.000363636363636 0.00181818181818
6.205864825 4.13707674547e-05 0.0771151105355 -0.0798248958038 -0.000330966139637 0.00324760524519 0.000744673814184 0.0 0.0737657261212 -0.0885878112763 -0.00137879861909 0.00517049482158 0.00275759723817 0.0 0.00593939393939 7.936 7.94181818182 0.000606060606061 0.00230303030303
6.24789796 4.13707674547e-05 0.0795973565828 -0.0824105687697 -0.000372336907092 0.00345445908247 0.000806729965366 0.0 0.0703187295734 -0.0627353371685 -0.00137879861909 0.00654929344066 0.00379169620249 0.0 0.00545454545455 7.93624242424 7.94206060606 0.000606060606061 0.00206060606061
6.289814105 4.13707674547e-05 0.0825760518395 -0.0856995447824 -0.000434393058274 0.00374405445465 0.000806729965366 0.0 0.0706634292282 -0.0682505316448 -0.00137879861909 0.00827279171452 0.00379169620249 0.0 0.00618181818182 7.93612121212 7.94133333333 0.0 0.00169696969697
6.330844851 4.13707674547e-05 0.0855133763288 -0.0891953746323 -0.000558505360638 0.00397159367565 0.000806729965366 0.0 0.0747998250855 -0.078591521288 -0.00275759723817 0.0048257951668 0.00379169620249 0.0 0.00557575757576 7.93660606061 7.94133333333 0.000363636363636 0.00169696969697
6.372820631 4.13707674547e-05 0.0890092061787 -0.0928980583195 -0.000661932279275 0.00434393058274 0.000806729965366 0.0 0.0716975281925 -0.0741104257759 -0.0024128975834 0.00723869275021 0.0 0.0 0.00606060606061 7.93612121212 7.94133333333 0.000242424242424 0.00145454545455
6.414880115 4.13707674547e-05 0.0913673399237 -0.0955044166691 -0.000744673814184 0.00463352595492 0.000806729965366 0.0 0.0696293302639 -0.0830726168 -0.00206819792863 0.00827279171452 0.0 0.0 0.00593939393939 7.93636363636 7.94157575758 0.000606060606061 0.00157575757576
6.456776766 4.13707674547e-05 0.0943253497967 -0.0988140780655 -0.000806729965366 0.00496449209456 0.000806729965366 0.0 0.071008128883 -0.0923795074788 -0.00103409896432 0.00723869275021 0.0 0.0 0.00593939393939 7.93648484848 7.9416969697 0.0 0.00169696969697
6.498741646 4.13707674547e-05 0.0973040450534 -0.102020312543 -0.000827415349094 0.0052954582342 0.000806729965366 0.0 0.0779021219784 -0.0810044188714 -0.00103409896432 0.00654929344066 0.0 0.0 0.00581818181818 7.93624242424 7.94206060606 0.000606060606061 0.00157575757576
6.540808103 4.13707674547e-05 0.100344796461 -0.105288603172 -0.000827415349094 0.00562642437384 0.000806729965366 0.0 0.0658376340614 -0.0792809205975 -0.000344699654772 0.00792809205975 0.0 0.0 0.00618181818182 7.93648484848 7.94206060606 0.000606060606061 0.00145454545455
6.582838038 4.13707674547e-05 0.103902682462 -0.109404994534 -0.000848100732821 0.0059780758972 0.000806729965366 0.0 0.071008128883 -0.0896219102407 -0.000344699654772 0.00930689067884 0.0 0.0 0.00666666666667 7.93672727273 7.9416969697 0.000242424242424 0.00121212121212
6.624769958 4.13707674547e-05 0.106302186975 -0.112114779802 -0.000848100732821 0.00626767126938 0.000806729965366 0.0 0.0789362209427 -0.078591521288 -0.000344699654772 0.00689399309544 0.0 0.0 0.00630303030303 7.93648484848 7.94206060606 0.000484848484848 0.00133333333333
6.666778299 4.13707674547e-05 0.109239511464 -0.115424441199 -0.000868786116548 0.00659863740902 0.000806729965366 0.0 0.0706634292282 -0.0792809205975 0.0 0.00654929344066 0.0 0.0 0.00630303030303 7.93648484848 7.94157575758 0.000727272727273 0.00157575757576
6.708811519 4.13707674547e-05 0.112135465186 -0.118837529514 -0.000889471500276 0.00695028893239 0.000806729965366 0.0 0.0668717330257 -0.0730763268116 0.0 0.00827279171452 0.0 0.0 0.00666666666667 7.93672727273 7.94206060606 0.000606060606061 0.00169696969697
6.751740244 4.13707674547e-05 0.115672665803 -0.122829808573 -0.000910156884003 0.00732262583948 0.000806729965366 0.0 0.0730763268116 -0.0868643130025 0.0 0.00896219102407 0.0 0.0 0.00666666666667 7.93648484848 7.94206060606 0.0 0.00121212121212
6.793729085 4.13707674547e-05 0.118279024153 -0.125560279225 -0.000910156884003 0.00767427736284 0.000806729965366 0.0 0.0806597192166 -0.0772127226689 -0.000344699654772 0.0110303889527 0.0 0.0 0.00581818181818 7.93636363636 7.94181818182 0.000484848484848 0.00121212121212
6.835757246 4.13707674547e-05 0.121423202479 -0.128994052924 -0.00093084226773 0.00806729965366 0.000806729965366 0.0 0.0772127226689 -0.0861749136929 -0.000344699654772 0.00792809205975 0.0 0.0 0.00606060606061 7.93672727273 7.94206060606 0.0 0.00145454545455
6.877738335 4.13707674547e-05 0.124463953887 -0.132489882774 -0.000951527651458 0.00841895117703 0.000806729965366 0.0 0.0703187295734 -0.0768680230141 -0.000344699654772 0.0110303889527 0.0 0.0 0.00606060606061 7.93648484848 7.94133333333 0.000606060606061 0.00133333333333
6.919709706 4.13707674547e-05 0.127525390679 -0.135820229554 -0.000972213035185 0.0088533442353 0.000806729965366 0.0 0.0747998250855 -0.0847961150739 -0.000344699654772 0.00758339240498 0.0 0.0 0.00618181818182 7.93648484848 7.94206060606 0.0 0.00133333333333
6.9627264 4.13707674547e-05 0.131000535145 -0.139729767078 -0.00101358380264 0.0093084226773 0.000806729965366 0.0 0.0648035350971 -0.0810044188714 -0.000344699654772 0.0117197882622 0.0 0.0 0.00618181818182 7.93624242424 7.94193939394 0.000484848484848 0.00157575757576
7.004699262 4.13707674547e-05 0.13335866889 -0.142729147719 -0.00103426918637 0.00970144496812 0.000806729965366 0.0 0.0720422278473 -0.0796256202523 -0.000344699654772 0.00999628998838 0.0 0.0 0.00642424242424 7.93612121212 7.94206060606 0.000484848484848 0.00169696969697
7.046734899 4.13707674547e-05 0.136233937228 -0.146142236034 -0.00103426918637 0.0101772087939 0.000806729965366 0.0 0.0720422278473 -0.0696293302639 -0.000344699654772 0.0127538872266 0.0 0.0 0.00618181818182 7.93624242424 7.94206060606 0.000484848484848 0.00133333333333
7.088631102 4.13707674547e-05 0.139150576334 -0.149513953581 -0.00105495457009 0.0106322872359 0.000806729965366 0.0 0.0720422278473 -0.0861749136929 -0.000344699654772 0.00965159033361 0.0 0.0 0.00557575757576 7.93624242424 7.94206060606 0.000606060606061 0.00121212121212
7.130655497 4.13707674547e-05 0.142067215439 -0.153051154199 -0.00107563995382 0.0110873656779 0.000806729965366 0.0 0.0720422278473 -0.0820385178357 -0.000344699654772 0.012064487917 0.0 0.0 0.00618181818182 7.93575757576 7.94145454545 0.000363636363636 0.00157575757576
7.172661348 4.13707674547e-05 0.145645786824 -0.157126174793 -0.00109632533755 0.0116458710385 0.000806729965366 0.0 0.0758339240498 -0.0858302140382 -0.000344699654772 0.00930689067884 0.0 0.0 0.00642424242424 7.93587878788 7.94157575758 0.000484848484848 0.00169696969697
7.21456038 4.13707674547e-05 0.148190089023 -0.160001443131 -0.00111701072128 0.0120388933293 0.000806729965366 0.0 0.0820385178357 -0.0861749136929 -0.000344699654772 0.0113750886075 0.0 0.0 0.00593939393939 7.93636363636 7.94206060606 0.000363636363636 0.00145454545455
7.255551098 4.13707674547e-05 0.1513963235 -0.163538643748 -0.001137696105 0.0124732863876 0.000806729965366 0.0 0.0734210264664 -0.06790583199 -0.000344699654772 0.0106856892979 0.0 0.0 0.00484848484848 7.93612121212 7.94133333333 0.000606060606061 0.00169696969697
7.297582295 4.13707674547e-05 0.154437074908 -0.166910361296 -0.00115838148873 0.0129490502133 0.000806729965366 0.0 0.075489224395 -0.0772127226689 -0.000344699654772 0.00930689067884 0.0 0.0 0.00618181818182 7.93563636364 7.94193939394 0.000606060606061 0.00157575757576
7.340563882 4.13707674547e-05 0.158139758596 -0.171047438041 -0.00115838148873 0.013507555574 0.000806729965366 0.0 0.0775574223236 -0.0965159033361 0.0 0.0141326858456 0.0 0.0 0.00581818181818 7.936 7.94193939394 0.000484848484848 0.00157575757576
7.382539077 4.13707674547e-05 0.160684060794 -0.174129560217 -0.00117906687246 0.013962634016 0.000806729965366 0.0 0.0741104257759 -0.0820385178357 0.0 0.0110303889527 0.0 0.0 0.00557575757576 7.93575757576 7.94193939394 0.000484848484848 0.00169696969697
7.424500147 4.13707674547e-05 0.163786868353 -0.177708131602 -0.00117906687246 0.0144797686091 0.000806729965366 0.0 0.0734210264664 -0.0841067157643 0.0 0.0155114844647 0.0 0.0 0.00581818181818 7.93563636364 7.94206060606 0.000363636363636 0.00133333333333
7.466538134 4.13707674547e-05 0.166868990528 -0.18147287144 -0.00119975225619 0.0149969032023 0.000806729965366 0.0 0.0768680230141 -0.0985841012647 0.0 0.0127538872266 0.0 0.0 0.00630303030303 7.93624242424 7.94145454545 0.000484848484848 0.00169696969697
7.508527868 4.13707674547e-05 0.170054539622 -0.185175555127 -0.00119975225619 0.015555408563 0.000806729965366 0.0 0.0806597192166 -0.0872090126573 0.0 0.0137879861909 0.0 0.0 0.00642424242424 7.936 7.94181818182 0.000363636363636 0.00157575757576
7.551580512 4.13707674547e-05 0.173860650228 -0.189478114942 -0.00122043763991 0.0162173408422 0.000806729965366 0.0 0.0779021219784 -0.0854855143834 0.0 0.01516678481 0.0 0.0 0.00521212121212 7.93587878788 7.94133333333 0.000242424242424 0.00169696969697
7.593467604 4.13707674547e-05 0.176508379345 -0.192622293269 -0.00122043763991 0.016693104668 0.000806729965366 0.0 0.0813491185261 -0.0861749136929 0.0 0.0137879861909 0.0 0.0 0.00569696969697 7.93624242424 7.94193939394 0.000363636363636 0.00157575757576
7.635449267 4.13707674547e-05 0.179714613823 -0.196056066968 -0.00124112302364 0.0173136661798 0.000806729965366 0.0 0.071008128883 -0.0806597192166 0.0 0.0137879861909 0.0 0.0 0.00593939393939 7.93612121212 7.94193939394 0.000242424242424 0.00157575757576
7.67648088 4.13707674547e-05 0.182920848301 -0.199448469899 -0.00126180840737 0.0178928569241 0.000806729965366 0.0 0.075489224395 -0.0854855143834 0.0 0.0134432865361 0.0 0.0 0.00581818181818 7.936 7.94206060606 0.0 0.00157575757576
7.718451151 4.13707674547e-05 0.186582161221 -0.203792400482 -0.0012824937911 0.0185961599709 0.000806729965366 0.0 0.0758339240498 -0.100307599539 -0.000344699654772 0.0148220851552 0.0 0.0 0.00569696969697 7.93612121212 7.94145454545 0.000242424242424 0.00133333333333
7.76041843 4.13707674547e-05 0.189229890338 -0.207040005727 -0.00130317917482 0.0190512384129 0.000806729965366 0.0 0.0816938181809 -0.0975500023004 -0.000344699654772 0.0127538872266 0.0 0.0 0.00521212121212 7.93648484848 7.94133333333 0.0 0.00145454545455
7.802417117 4.13707674547e-05 0.192477495583 -0.210846116333 -0.00132386455855 0.0196717999247 0.000806729965366 0.0 0.0813491185261 -0.0989288009195 -0.000344699654772 0.0134432865361 0.0 0.0 0.00472727272727 7.93612121212 7.94181818182 0.000363636363636 0.00121212121212
7.844428465 4.13707674547e-05 0.195600988526 -0.214797024625 -0.00134454994228 0.0202509906691 0.000806729965366 0.0 0.0806597192166 -0.0841067157643 -0.000344699654772 0.0193031806672 0.0 0.0 0.00533333333333 7.93660606061 7.94157575758 0.0 0.00145454545455
7.885388846 4.13707674547e-05 0.198827908387 -0.218416966777 -0.001365235326 0.020788810646 0.000806729965366 0.0 0.0685952312996 -0.090656009205 -0.000344699654772 0.0155114844647 0.0 0.0 0.00484848484848 7.93636363636 7.9416969697 0.000242424242424 0.00157575757576
7.927419294 4.13707674547e-05 0.202634018993 -0.222719526592 -0.00138592070973 0.0215334844602 0.000806729965366 0.0 0.0837620161095 -0.100307599539 -0.000344699654772 0.0127538872266 0.0 0.0 0.00448484848485 7.93660606061 7.94133333333 0.000242424242424 0.00145454545455
7.969371784 4.13707674547e-05 0.205199006575 -0.225863704919 -0.00140660609346 0.0220713044371 0.000806729965366 0.0 0.0744551254307 -0.0885878112763 -0.000344699654772 0.016545583429 0.0 0.0 0.00448484848485 7.93575757576 7.94133333333 0.000242424242424 0.00133333333333
8.01132325 4.13707674547e-05 0.208425926437 -0.229628444757 -0.00142729147719 0.0226918659489 0.000806729965366 0.0 0.0744551254307 -0.0968606029909 -0.000344699654772 0.0155114844647 0.0 0.0 0.00472727272727 7.936 7.94133333333 0.000242424242424 0.00133333333333
8.052343614 4.13707674547e-05 0.211632160914 -0.233579353049 -0.00142729147719 0.0233537982282 0.000806729965366 0.0 0.0868643130025 -0.107201592634 -0.000344699654772 0.0158561841195 0.0 0.0 0.00484848484848 7.93660606061 7.94206060606 0.000242424242424 0.00145454545455
8.094344581 4.13707674547e-05 0.215252103067 -0.237923283632 -0.00146866224464 0.0240984720424 0.000806729965366 0.0 0.0775574223236 -0.0820385178357 -0.000344699654772 0.0182690817029 0.0 0.0 0.00424242424242 7.93636363636 7.94206060606 0.000363636363636 0.00121212121212
8.136316504 4.13707674547e-05 0.217755034498 -0.241046776575 -0.00146866224464 0.0247190335542 0.000806729965366 0.0 0.0789362209427 -0.0916901081693 -0.000344699654772 0.0168902830838 0.0 0.0 0.00436363636364 7.93612121212 7.94206060606 0.0 0.00145454545455
8.178282935 4.13707674547e-05 0.220878527441 -0.245080426402 -0.00148934762837 0.0254016512172 0.000806729965366 0.0 0.0741104257759 -0.0958265040265 -0.000344699654772 0.0162008837743 0.0 0.0 0.00436363636364 7.93660606061 7.9416969697 0.000242424242424 0.00121212121212
8.219274078 4.13707674547e-05 0.224105447302 -0.248762424705 -0.0015100330121 0.0261463250314 0.000806729965366 0.0 0.0730763268116 -0.0868643130025 -0.000344699654772 0.0186137813577 0.0 0.0 0.00424242424242 7.93612121212 7.94206060606 0.0 0.00121212121212
8.261281051 4.13707674547e-05 0.227187569477 -0.252527164543 -0.00153071839582 0.0267875719269 0.000806729965366 0.0 0.0758339240498 -0.102375797467 -0.000344699654772 0.019647880322 0.0 0.0 0.00387878787879 7.93636363636 7.94206060606 0.000484848484848 0.00121212121212
8.303304843 4.13707674547e-05 0.230952309316 -0.257284802801 -0.00155140377955 0.0276563580435 0.000806729965366 0.0 0.0723869275021 -0.104788695051 -0.000344699654772 0.0193031806672 0.0 0.0 0.00424242424242 7.93672727273 7.94206060606 0.000363636363636 0.00169696969697
8.345222536 4.13707674547e-05 0.233517296898 -0.26055309343 -0.00157208916328 0.0281941780204 0.000806729965366 0.0 0.075489224395 -0.0947924050622 -0.000344699654772 0.0141326858456 0.0 0.0 0.00436363636364 7.93624242424 7.94193939394 0.000606060606061 0.00157575757576
8.387296466 4.13707674547e-05 0.236558048306 -0.264566057873 -0.00159277454701 0.0289388518345 0.000806729965366 0.0 0.0737657261212 -0.107890991944 -0.000344699654772 0.0141326858456 0.0 0.0 0.00472727272727 7.93684848485 7.9416969697 0.000363636363636 0.00157575757576
8.429212023 4.13707674547e-05 0.239660855865 -0.268372168479 -0.00161345993073 0.0296421548813 0.000806729965366 0.0 0.078591521288 -0.0927242071336 -0.000344699654772 0.016545583429 0.0 0.0 0.00472727272727 7.93648484848 7.94206060606 0.000242424242424 0.00133333333333
8.471218575 4.13707674547e-05 0.242867090343 -0.272012796015 -0.00161345993073 0.030345457928 0.000806729965366 0.0 0.0758339240498 -0.0868643130025 -0.000344699654772 0.016545583429 0.0 0.0 0.00375757575758 7.93624242424 7.9416969697 0.000363636363636 0.00169696969697
8.514291375 4.13707674547e-05 0.246590459414 -0.276749748888 -0.00163414531446 0.0312349294283 0.000806729965366 0.0 0.0744551254307 -0.102031097812 -0.000344699654772 0.0244736754888 0.0 0.0 0.00460606060606 7.93648484848 7.94206060606 0.000242424242424 0.00121212121212
8.556162768 4.13707674547e-05 0.249362300833 -0.280142151819 -0.00165483069819 0.0319796032425 0.000806729965366 0.0 0.0868643130025 -0.109614490217 -0.000344699654772 0.0189584810124 0.0 0.0 0.00460606060606 7.93818181818 7.94145454545 0.000484848484848 0.00169696969697
8.598204357 4.13707674547e-05 0.252734018381 -0.284093060111 -0.00167551608191 0.0327863332078 0.000806729965366 0.0 0.0806597192166 -0.0999628998838 -0.000344699654772 0.0206819792863 0.0 0.0 0.00412121212121 7.93648484848 7.94206060606 0.000363636363636 0.00145454545455
8.640124037 4.13707674547e-05 0.256085050544 -0.28825082224 -0.00167551608191 0.0336551193244 0.000806729965366 0.0 0.0796256202523 -0.0989288009195 -0.000344699654772 0.0203372796315 0.0 0.0 0.00448484848485 7.93636363636 7.94181818182 0.000363636363636 0.00145454545455
8.682094417 4.13707674547e-05 0.259953217301 -0.293029145882 -0.00169620146564 0.0346273323596 0.000806729965366 0.0 0.0747998250855 -0.0965159033361 0.0 0.0213713785958 0.0 0.0 0.00375757575758 7.93660606061 7.94206060606 0.000242424242424 0.00121212121212
8.723087419 4.13707674547e-05 0.26266300257 -0.29646291958 -0.00169620146564 0.0352892646388 0.000806729965366 0.0 0.0779021219784 -0.100307599539 0.0 0.019647880322 0.0 0.0 0.00387878787879 7.93709090909 7.94133333333 0.000363636363636 0.00157575757576
8.764114393 4.13707674547e-05 0.265972663966 -0.300331086337 -0.00171688684937 0.0361166799879 0.000806729965366 0.0 0.0768680230141 -0.104099295741 0.0 0.0210266789411 0.0 0.0 0.004 7.93636363636 7.94206060606 0.000363636363636 0.00145454545455
8.806166 4.13707674547e-05 0.269178898444 -0.304219938478 -0.00171688684937 0.036944095337 0.000806729965366 0.0 0.0775574223236 -0.104443995396 0.0 0.019647880322 0.0 0.0 0.00387878787879 7.93636363636 7.94193939394 0.000363636363636 0.00169696969697
8.848046932 4.13707674547e-05 0.272447189073 -0.30833632984 -0.0017375722331 0.0377921960699 0.000806729965366 0.0 0.0730763268116 -0.0937583060979 0.0 0.0193031806672 0.0 0.0 0.00387878787879 7.93672727273 7.94206060606 0.000363636363636 0.00169696969697
9.190029797 -0.00653658125784 0.273419402108 -0.323022952286 0.00283389757065 0.0448252265371 -0.00126180840737 0.0 0.090656009205 -0.0775574223236 -0.00379169620249 -0.0189584810124 0.0 0.000606060606061 0.00993939393939 7.93709090909 7.94193939394 7.94096969697 0.000969696969697
9.231990985 -0.00544025592029 0.278135669598 -0.325256973729 0.0026477291171 0.0442667211765 -0.00126180840737 0.0255077744531 0.109614490217 -0.0689399309544 -0.00448109551203 -0.0155114844647 0.0 0.00242424242424 0.00533333333333 7.93624242424 7.9416969697 7.93927272727 0.00193939393939
9.274007379 -0.0042405036641 0.283182903227 -0.328442522823 0.00231676297746 0.0434393058274 -0.00107563995382 0.0265418734174 0.114095585729 -0.0837620161095 -0.012064487917 -0.0144773855004 0.00585989413112 0.00133333333333 0.00218181818182 7.93793939394 7.94157575758 7.94024242424 0.00193939393939
9.315986508 -0.00324760524519 0.286720103845 -0.330904083486 0.0017375722331 0.0429842273854 -0.00101358380264 0.0230948768697 0.0606671392398 -0.0365381634058 -0.0124091875718 -0.0175796823934 0.00275759723817 0.000848484848485 0.004 7.93733333333 7.94157575758 7.93939393939 0.00230303030303
9.357936893 -0.0024201898961 0.28907823759 -0.332331374963 0.00138592070973 0.0424257220248 -0.000806729965366 0.0179243820481 0.0565307433826 -0.0444662554656 -0.00654929344066 -0.00965159033361 0.00379169620249 0.00145454545455 0.00339393939394 7.9383030303 7.94181818182 7.93975757576 0.00206060606061
9.398898357 -0.00190305530292 0.291001978276 -0.333655239522 0.00109632533755 0.0421361266526 -0.000786044581639 0.0103409896432 0.0396404602988 -0.0417086582274 -0.00861749136929 -0.00827279171452 0.00379169620249 0.00193939393939 0.0030303030303 7.93745454545 7.94145454545 7.93963636364 0.00218181818182
9.439898697 -0.0015100330121 0.292305157451 -0.334565396406 0.000889471500276 0.0418258458967 -0.00062056151182 0.00861749136929 0.0299888699651 -0.0106856892979 -0.00275759723817 -0.0048257951668 0.00654929344066 0.00145454545455 0.00339393939394 7.93660606061 7.94181818182 7.93987878788 0.00218181818182
9.480914656 -0.00111701072128 0.293401482789 -0.335454867906 0.000765359197912 0.0417844751292 -0.000537819976911 0.00930689067884 0.0193031806672 -0.0268865730722 -0.00310229689295 -0.00103409896432 0.00344699654772 0.00157575757576 0.00339393939394 7.93721212121 7.94133333333 7.93915151515 0.00206060606061
9.522934189 -0.000827415349094 0.294146156603 -0.335889260965 0.000579190744366 0.041494879757 -0.000537819976911 0.00654929344066 0.019647880322 -0.0048257951668 -0.0048257951668 -0.00448109551203 0.00344699654772 0.00193939393939 0.00375757575758 7.93660606061 7.94145454545 7.93987878788 0.00193939393939
9.564883676 -0.000641246895548 0.294766718115 -0.335992687883 0.000393022290819 0.0414535089896 -0.000537819976911 0.00344699654772 0.0134432865361 -0.00379169620249 -0.00413639585726 -0.00137879861909 0.00344699654772 0.00133333333333 0.00315151515152 7.93624242424 7.9416969697 7.93939393939 0.00169696969697
9.605895264 -0.000558505360638 0.295221796557 -0.33619954172 0.000289595372183 0.0412880259198 -0.000537819976911 0.00206819792863 0.00723869275021 -0.0124091875718 -0.00379169620249 -0.0048257951668 0.0 0.00121212121212 0.00387878787879 7.93612121212 7.94193939394 7.93975757576 0.00206060606061
9.647874908 -0.000455078442001 0.295614818847 -0.337006271686 0.000268909988455 0.0412880259198 -0.000455078442001 0.00310229689295 0.0110303889527 -0.0224054775602 -0.00379169620249 -0.0048257951668 0.0024128975834 0.00109090909091 0.00315151515152 7.9376969697 7.94193939394 7.94024242424 0.00218181818182
9.689862704 -0.000268909988455 0.295987155755 -0.337482035512 0.000268909988455 0.0412880259198 -0.000393022290819 0.0048257951668 0.0103409896432 -0.00413639585726 -0.00379169620249 -0.0048257951668 0.00206819792863 0.00169696969697 0.00290909090909 7.93733333333 7.94193939394 7.94060606061 0.00206060606061
9.731906818 -0.000144797686091 0.29629743651 -0.337523406279 0.000268909988455 0.0412880259198 -0.000393022290819 0.00206819792863 0.00758339240498 -0.00413639585726 0.0 0.0 0.00206819792863 0.000848484848485 0.00339393939394 7.93757575758 7.9423030303 7.94036363636 0.00181818181818
9.773845661 -4.13707674547e-05 0.296338807278 -0.337523406279 0.000268909988455 0.0412880259198 -0.000393022290819 0.0024128975834 0.00517049482158 -0.00413639585726 0.0 0.0 0.00206819792863 0.00121212121212 0.00315151515152 7.93757575758 7.9423030303 7.94 0.00193939393939
9.815857232 -2.06853837273e-05 0.296338807278 -0.337523406279 0.000268909988455 0.041267340536 -0.000393022290819 0.0024128975834 0.00517049482158 0.0 0.0 0.0 0.0 0.00121212121212 0.00315151515152 7.93721212121 7.94193939394 7.93975757576 0.00206060606061
9.85680048 -2.06853837273e-05 0.296338807278 -0.337523406279 0.000268909988455 0.0412466551523 -0.000372336907092 0.000344699654772 0.0 0.0 0.0 0.0 0.0 0.000727272727273 0.00315151515152 7.93709090909 7.94193939394 7.93963636364 0.00206060606061
9.897837473 0.0 0.296359492662 -0.337523406279 0.000248224604728 0.0411639136174 -0.000289595372183 0.000344699654772 0.0 0.0 0.0 -0.00206819792863 0.0024128975834 0.000727272727273 0.00290909090909 7.93721212121 7.94193939394 7.93951515152 0.00206060606061
9.939796277 0.0 0.296400863429 -0.337523406279 0.000248224604728 0.0411018574662 -0.000248224604728 0.000344699654772 0.000689399309544 0.0 0.0 -0.00275759723817 0.00275759723817 0.00133333333333 0.0030303030303 7.93721212121 7.94193939394 7.94 0.00169696969697
9.981785162 0.0 0.296442234197 -0.337544091663 0.000248224604728 0.0411018574662 -0.000248224604728 0.0 0.00137879861909 0.0 0.0 -0.00275759723817 0.00275759723817 0.00133333333333 0.00412121212121 7.93696969697 7.94157575758 7.94 0.00157575757576
10.023802993 2.06853837273e-05 0.296504290348 -0.337544091663 0.000227539221001 0.0411018574662 -0.000248224604728 0.0 0.00172349827386 0.0 0.0 -0.00275759723817 0.00275759723817 0.00133333333333 0.004 7.93721212121 7.9416969697 7.94036363636 0.00121212121212
10.065772186 2.06853837273e-05 0.296545661115 -0.337564777046 0.000186168453546 0.0411018574662 -0.000248224604728 0.0 0.00103409896432 0.0 0.0 0.0 0.0 0.00133333333333 0.00424242424242 7.93696969697 7.94193939394 7.94024242424 0.00145454545455
10.107717366 2.06853837273e-05 0.296587031883 -0.33758546243 0.000165483069819 0.0411018574662 -0.000248224604728 0.0 0.00103409896432 0.0 -0.000344699654772 0.0 0.0 0.00133333333333 0.00315151515152 7.93721212121 7.94193939394 7.94024242424 0.00109090909091
10.148766634 2.06853837273e-05 0.296607717266 -0.337606147814 0.000144797686091 0.0411018574662 -0.000248224604728 0.0 0.00103409896432 -0.000344699654772 -0.000344699654772 0.0 0.0 0.00133333333333 0.00315151515152 7.93684848485 7.94193939394 7.94012121212 0.00145454545455
10.190755364 4.13707674547e-05 0.29662840265 -0.337626833198 0.000124112302364 0.0411018574662 -0.000248224604728 0.0 0.000344699654772 -0.000344699654772 -0.000344699654772 0.0 0.0 0.00133333333333 0.004 7.93684848485 7.9416969697 7.94 0.00145454545455
10.232740454 4.13707674547e-05 0.296669773418 -0.337626833198 0.000103426918637 0.0410811720825 -0.000248224604728 0.0 0.000689399309544 -0.000344699654772 -0.000344699654772 0.0 0.0 0.00133333333333 0.00290909090909 7.93684848485 7.94193939394 7.93987878788 0.00145454545455
10.274721279 4.13707674547e-05 0.296752514952 -0.337626833198 8.27415349094e-05 0.0410811720825 -0.000248224604728 0.0 0.00172349827386 0.0 -0.000344699654772 0.0 0.0 0.000242424242424 0.00315151515152 7.93696969697 7.94193939394 7.93975757576 0.00157575757576
10.31666623 4.13707674547e-05 0.296752514952 -0.337626833198 8.27415349094e-05 0.041039801315 -0.000248224604728 0.0 0.000689399309544 0.0 -0.000344699654772 -0.000344699654772 0.0 0.00133333333333 0.00315151515152 7.93684848485 7.94193939394 7.93987878788 0.00145454545455
10.358795352 6.2056151182e-05 0.296752514952 -0.337626833198 8.27415349094e-05 0.0409984305476 -0.000248224604728 0.0 0.000689399309544 0.0 -0.000344699654772 -0.00103409896432 0.0 0.000727272727273 0.00315151515152 7.93684848485 7.94193939394 7.93975757576 0.00145454545455
10.400820529 6.2056151182e-05 0.296773200336 -0.337647518581 6.2056151182e-05 0.0409984305476 -0.000248224604728 0.0 0.000689399309544 0.0 0.0 -0.00103409896432 0.0 0.0 0.00375757575758 7.93660606061 7.94193939394 7.93987878788 0.00169696969697
10.442801527 6.2056151182e-05 0.296773200336 -0.337668203965 6.2056151182e-05 0.0409984305476 -0.000248224604728 0.0 0.0 0.0 0.0 -0.00103409896432 0.0 0.00109090909091 0.00315151515152 7.93648484848 7.94193939394 7.94 0.00169696969697
10.484767325 8.27415349094e-05 0.296773200336 -0.337730260116 6.2056151182e-05 0.0409984305476 -0.000248224604728 0.0 0.0 -0.00137879861909 0.0 0.0 0.0 0.00133333333333 0.00315151515152 7.93648484848 7.94193939394 7.94 0.00169696969697
10.526787615 8.27415349094e-05 0.296773200336 -0.337792316267 6.2056151182e-05 0.0409984305476 -0.000248224604728 0.0 0.0 -0.00137879861909 0.0 0.0 0.0 0.000242424242424 0.00315151515152 7.93648484848 7.9423030303 7.93987878788 0.00169696969697
10.568769392 8.27415349094e-05 0.296773200336 -0.337854372419 6.2056151182e-05 0.0409984305476 -0.000248224604728 0.0 0.0 -0.00137879861909 0.0 0.0 0.0 0.000242424242424 0.00424242424242 7.93648484848 7.94242424242 7.94 0.00193939393939
10.61074384 0.000103426918637 0.296773200336 -0.337895743186 4.13707674547e-05 0.0409984305476 -0.000248224604728 0.0 0.0 -0.00137879861909 0.0 0.0 0.0 0.0 0.00339393939394 7.93696969697 7.94206060606 7.94012121212 0.00193939393939
10.652598089 0.000103426918637 0.296773200336 -0.337937113954 4.13707674547e-05 0.0409984305476 -0.000227539221001 0.0 0.0 -0.000689399309544 0.0 0.0 0.0 0.00133333333333 0.00315151515152 7.93684848485 7.94193939394 7.93987878788 0.00193939393939
10.6945684 0.000103426918637 0.296773200336 -0.337957799337 4.13707674547e-05 0.0409984305476 -0.000227539221001 0.0 0.0 -0.000689399309544 0.0 0.0 0.0 0.00133333333333 0.00315151515152 7.93684848485 7.94193939394 7.94012121212 0.00181818181818
10.736595892 0.000103426918637 0.296773200336 -0.337957799337 4.13707674547e-05 0.0409984305476 -0.000206853837273 0.0 0.0 -0.000689399309544 0.0 0.0 0.0 0.00121212121212 0.00327272727273 7.93709090909 7.9423030303 7.94 0.00206060606061
10.777572077 0.000103426918637 0.296773200336 -0.337957799337 4.13707674547e-05 0.0409984305476 -0.000165483069819 0.0 0.0 0.0 0.0 0.0 0.00137879861909 0.0 0.00315151515152 7.93660606061 7.9423030303 7.94012121212 0.00181818181818
10.819623312 0.000103426918637 0.296773200336 -0.337957799337 4.13707674547e-05 0.0409984305476 -0.000165483069819 0.0 0.0 0.0 0.0 0.0 0.00137879861909 0.00133333333333 0.00339393939394 7.93709090909 7.9423030303 7.93987878788 0.00181818181818
10.86155895 0.000103426918637 0.296773200336 -0.337957799337 4.13707674547e-05 0.0409984305476 -0.000165483069819 0.0 0.0 0.0 0.0 0.0 0.00137879861909 0.000969696969697 0.00327272727273 7.93709090909 7.94242424242 7.93987878788 0.00157575757576
10.903546269 0.000103426918637 0.29679388572 -0.337957799337 4.13707674547e-05 0.0409984305476 -0.000165483069819 0.0 0.0 0.0 0.0 0.0 0.0 0.000969696969697 0.00315151515152 7.93709090909 7.9423030303 7.93987878788 0.00157575757576
10.94554604 0.000103426918637 0.29679388572 -0.337957799337 4.13707674547e-05 0.0409984305476 -0.000165483069819 0.0 0.0 0.0 0.0 0.0 0.0 0.0 0.00315151515152 7.93709090909 7.9423030303 7.94012121212 0.00169696969697
10.987588199 0.000103426918637 0.29679388572 -0.337957799337 4.13707674547e-05 0.0409984305476 -0.000165483069819 0.0 0.0 0.0 0.0 0.0 0.0 0.000848484848485 0.00315151515152 7.93733333333 7.94266666667 7.94012121212 0.00145454545455
11.029578544 0.000103426918637 0.29679388572 -0.337957799337 4.13707674547e-05 0.0409984305476 -0.000165483069819 0.0 0.0 0.0 0.0 0.0 0.0 0.00133333333333 0.00327272727273 7.93745454545 7.94278787879 7.94012121212 0.00157575757576
11.071541495 0.000103426918637 0.29679388572 -0.337957799337 4.13707674547e-05 0.0409984305476 -0.000165483069819 0.0 0.0 0.0 0.0 0.0 0.0 0.000242424242424 0.004 7.93745454545 7.94218181818 7.93987878788 0.00157575757576
11.113535701 0.000103426918637 0.29679388572 -0.337957799337 6.2056151182e-05 0.0409984305476 -0.000165483069819 0.0 0.0 0.0 0.0 0.0 0.0 0.00133333333333 0.00315151515152 7.9376969697 7.94266666667 7.94012121212 0.00145454545455
11.155499771 0.000103426918637 0.29679388572 -0.337957799337 6.2056151182e-05 0.0409984305476 -0.000165483069819 0.0 0.0 0.0 0.0 0.0 0.0 0.0 0.00315151515152 7.93721212121 7.94242424242 7.94012121212 0.00169696969697
11.197497963 0.000103426918637 0.29679388572 -0.337957799337 6.2056151182e-05 0.0409984305476 -0.000165483069819 0.0 0.0 0.0 0.0 0.0 0.0 0.00109090909091 0.00448484848485 7.9376969697 7.94254545455 7.93987878788 0.00157575757576
11.239498132 0.000103426918637 0.29679388572 -0.337957799337 6.2056151182e-05 0.0409984305476 -0.000165483069819 0.0 0.0 0.0 0.0 0.0 0.0 0.000848484848485 0.00315151515152 7.93757575758 7.9423030303 7.94 0.00157575757576
11.281502211 0.000103426918637 0.29679388572 -0.337957799337 6.2056151182e-05 0.0409984305476 -0.000165483069819 0.0 0.0 0.0 0.0 0.0 0.0 0.00109090909091 0.00315151515152 7.93745454545 7.94242424242 7.94012121212 0.00169696969697
11.323448526 0.000103426918637 0.29679388572 -0.337957799337 6.2056151182e-05 0.0409984305476 -0.000165483069819 0.0 0.0 0.0 0.0 0.0 0.0 0.0 0.00339393939394 7.93781818182 7.94278787879 7.93987878788 0.00145454545455
11.365526833 0.000103426918637 0.29679388572 -0.337957799337 6.2056151182e-05 0.0409984305476 -0.000165483069819 0.0 0.0 0.0 0.0 0.0 0.0 0.0 0.00339393939394 7.93757575758 7.94278787879 7.94012121212 0.00169696969697
11.407435467 0.000103426918637 0.29679388572 -0.337957799337 6.2056151182e-05 0.0409984305476 -0.000165483069819 0.0 0.0 0.0 0.0 0.0 0.0 0.000242424242424 0.00315151515152 7.93781818182 7.94278787879 7.93987878788 0.00157575757576
11.448400205 0.000103426918637 0.29679388572 -0.337957799337 6.2056151182e-05 0.0409984305476 -0.000165483069819 0.0 0.0 0.0 0.0 0.0 0.0 0.0 0.00315151515152 7.93781818182 7.94278787879 7.94 0.00169696969697
11.49042658 0.000103426918637 0.29679388572 -0.337957799337 6.2056151182e-05 0.0409984305476 -0.000165483069819 0.0 0.0 0.0 0.0 0.0 0.0 0.00109090909091 0.00327272727273 7.93781818182 7.94278787879 7.94012121212 0.00145454545455
11.53238678 0.000103426918637 0.29679388572 -0.337957799337 6.2056151182e-05 0.0409984305476 -0.000165483069819 0.0 0.0 0.0 0.0 0.0 0.0 0.000242424242424 0.00315151515152 7.93781818182 7.94315151515 7.93987878788 0.00157575757576
11.574372693 0.000103426918637 0.29679388572 -0.337957799337 6.2056151182e-05 0.0409984305476 -0.000165483069819 0.0 0.0 0.0 0.0 0.0 0.0 0.000606060606061 0.00315151515152 7.93781818182 7.94278787879 7.94 0.00157575757576
11.616395928 0.000103426918637 0.29679388572 -0.337957799337 6.2056151182e-05 0.0409984305476 -0.000165483069819 0.0 0.0 0.0 0.0 0.0 0.0 0.00121212121212 0.00327272727273 7.93793939394 7.94278787879 7.93987878788 0.00145454545455
11.658350475 0.000103426918637 0.29679388572 -0.337957799337 6.2056151182e-05 0.0409984305476 -0.000165483069819 0.0 0.0 0.0 0.0 0.0 0.0 0.000969696969697 0.00375757575758 7.93781818182 7.94303030303 7.94 0.00145454545455
11.699360002 0.000103426918637 0.29679388572 -0.337957799337 6.2056151182e-05 0.0409984305476 -0.000165483069819 0.0 0.0 0.0 0.0 0.0 0.0 0.0 0.00375757575758 7.93793939394 7.94278787879 7.93987878788 0.00157575757576
11.74132439 0.000103426918637 0.29679388572 -0.337957799337 6.2056151182e-05 0.0409984305476 -0.000165483069819 0.0 0.0 0.0 0.0 0.0 0.0 0.000242424242424 0.00327272727273 7.93818181818 7.94303030303 7.94012121212 0.00157575757576
11.782356922 0.000103426918637 0.29679388572 -0.337957799337 6.2056151182e-05 0.0409984305476 -0.000165483069819 0.0 0.0 0.0 0.0 0.0 0.0 0.0 0.00315151515152 7.93818181818 7.94278787879 7.94012121212 0.00169696969697
11.824353814 0.000103426918637 0.29679388572 -0.337957799337 6.2056151182e-05 0.0409984305476 -0.000165483069819 0.0 0.0 0.0 0.0 0.0 0.0 0.000606060606061 0.00327272727273 7.9383030303 7.94327272727 7.93987878788 0.00157575757576
11.866318174 0.000103426918637 0.29679388572 -0.337957799337 6.2056151182e-05 0.0409984305476 -0.000165483069819 0.0 0.0 0.0 0.0 0.0 0.0 0.000242424242424 0.00315151515152 7.93854545455 0.0 7.94012121212 0.00169696969697
11.908274228 0.000103426918637 0.29679388572 -0.337957799337 6.2056151182e-05 0.0409984305476 -0.000165483069819 0.0 0.0 0.0 0.0 0.0 0.0 0.0 0.00315151515152 7.9383030303 0.0 7.94012121212 0.00169696969697
11.949275827 0.000103426918637 0.296814571104 -0.337957799337 6.2056151182e-05 0.0409984305476 -0.000165483069819 0.0 0.0 0.0 0.0 0.0 0.0 0.000969696969697 0.00351515151515 7.93854545455 7.94278787879 7.93987878788 0.00169696969697
11.9912881 0.000103426918637 0.296814571104 -0.337957799337 8.27415349094e-05 0.0409984305476 -0.000165483069819 0.0 0.0 0.0 0.0 0.0 0.0 0.0 0.00315151515152 7.93854545455 7.94303030303 7.94 0.00145454545455
12.033314636 0.000103426918637 0.296814571104 -0.337957799337 8.27415349094e-05 0.0409984305476 -0.000165483069819 0.0 0.0 0.0 0.0 0.0 0.0 0.000484848484848 0.00315151515152 7.93866666667 7.94290909091 7.93987878788 0.00145454545455
12.075256867 0.000103426918637 0.296814571104 -0.337957799337 8.27415349094e-05 0.0409984305476 -0.000165483069819 0.0 0.0 0.0 0.0 0.0 0.0 0.0 0.00315151515152 7.93854545455 0.0 7.94 0.00145454545455
12.116300611 0.000103426918637 0.296814571104 -0.337957799337 8.27415349094e-05 0.0409984305476 -0.000165483069819 0.0 0.0 0.0 0.0 0.0 0.0 0.000969696969697 0.00327272727273 7.93866666667 0.0 7.94012121212 0.00145454545455
12.158227957 0.000103426918637 0.296814571104 -0.337957799337 8.27415349094e-05 0.0409984305476 -0.000165483069819 0.0 0.0 0.0 0.0 0.0 0.0 0.000606060606061 0.00327272727273 7.93866666667 7.94351515152 7.94 0.00145454545455
12.20020413 0.000103426918637 0.296814571104 -0.337937113954 8.27415349094e-05 0.0409984305476 -0.000165483069819 0.0 0.0 0.0 0.0 0.0 0.0 0.0 0.00315151515152 7.93866666667 7.94290909091 7.94 0.00145454545455
12.242199122 0.000103426918637 0.296814571104 -0.337937113954 8.27415349094e-05 0.0409984305476 -0.000165483069819 0.0 0.0 0.0 0.0 0.0 0.0 0.000484848484848 0.00327272727273 7.93903030303 7.94327272727 7.94012121212 0.00169696969697
12.284174313 0.000103426918637 0.296814571104 -0.337937113954 0.000103426918637 0.0409984305476 -0.000165483069819 0.0 0.0 0.0 0.0 0.0 0.0 0.00109090909091 0.00424242424242 7.93866666667 7.94290909091 7.94012121212 0.00169696969697
12.326188568 0.000103426918637 0.296814571104 -0.337937113954 0.000103426918637 0.0409984305476 -0.000165483069819 0.0 0.0 0.0 0.0 0.0 0.0 0.000848484848485 0.00327272727273 7.93927272727 0.0 7.93987878788 0.00169696969697
12.368177353 8.27415349094e-05 0.296814571104 -0.337937113954 0.000103426918637 0.0409984305476 -0.000165483069819 0.0 0.0 0.0 0.0 0.0 0.0 0.0 0.00315151515152 7.93866666667 0.0 7.93987878788 0.00145454545455
12.410139182 8.27415349094e-05 0.296814571104 -0.337937113954 0.000103426918637 0.0409984305476 -0.000165483069819 0.0 0.0 0.0 0.0 0.0 0.0 0.0 0.00315151515152 7.93866666667 0.0 7.94 0.00157575757576
12.452135835 8.27415349094e-05 0.296814571104 -0.337937113954 0.000103426918637 0.0409984305476 -0.000165483069819 0.0 0.0 0.0 0.0 0.0 0.0 0.0 0.00315151515152 7.93878787879 0.0 7.94012121212 0.00169696969697
12.493131878 8.27415349094e-05 0.296814571104 -0.33791642857 0.000103426918637 0.0409984305476 -0.000165483069819 0.0 0.0 0.0 0.0 0.0 0.0 0.0 0.00315151515152 7.93927272727 7.94303030303 7.93987878788 0.00157575757576
12.535130213 8.27415349094e-05 0.296814571104 -0.33791642857 0.000103426918637 0.0409984305476 -0.000165483069819 0.0 0.0 0.0 0.0 0.0 0.0 0.0 0.00315151515152 7.93915151515 0.0 7.93975757576 0.00157575757576
12.577117274 8.27415349094e-05 0.296814571104 -0.33791642857 0.000103426918637 0.0409984305476 -0.000165483069819 0.0 0.0 0.0 0.0 0.0 0.0 0.0 0.00327272727273 7.93890909091 7.94327272727 7.94012121212 0.00157575757576
12.619067465 8.27415349094e-05 0.296814571104 -0.33791642857 0.000124112302364 0.0409984305476 -0.000165483069819 0.0 0.0 0.0 0.0 0.0 0.0 0.000606060606061 0.00315151515152 7.93890909091 7.94327272727 7.94 0.00169696969697
12.661026984 8.27415349094e-05 0.296814571104 -0.33791642857 0.000124112302364 0.0409984305476 -0.000165483069819 0.0 0.0 0.0 0.0 0.0 0.0 0.000484848484848 0.00315151515152 7.93890909091 7.94303030303 7.93987878788 0.00169696969697
12.703019757 8.27415349094e-05 0.296814571104 -0.33791642857 0.000124112302364 0.0409984305476 -0.000165483069819 0.0 0.0 0.0 0.0 0.0 0.0 0.0 0.00327272727273 7.93939393939 0.0 7.93987878788 0.00157575757576
12.74402567 8.27415349094e-05 0.296814571104 -0.33791642857 0.000124112302364 0.0409984305476 -0.000165483069819 0.0 0.0 0.0 0.0 0.0 0.0 0.0 0.00327272727273 7.93939393939 0.0 7.94 0.00157575757576
12.78600929 8.27415349094e-05 0.296814571104 -0.337895743186 0.000124112302364 0.0409984305476 -0.000165483069819 0.0 0.0 0.0 0.0 0.0 0.0 0.0 0.00424242424242 7.93939393939 0.0 7.93987878788 0.00145454545455
12.827044902 6.2056151182e-05 0.296814571104 -0.337895743186 0.000124112302364 0.0409984305476 -0.000165483069819 0.0 0.0 0.0 0.0 0.0 0.0 0.000363636363636 0.00315151515152 7.93903030303 7.94327272727 7.94012121212 0.00169696969697
12.869038481 6.2056151182e-05 0.296814571104 -0.337895743186 0.000124112302364 0.0409984305476 -0.000165483069819 0.0 0.0 0.0 0.0 0.0 0.0 0.0 0.00315151515152 7.93939393939 0.0 7.94012121212 0.00169696969697
12.910991349 6.2056151182e-05 0.296814571104 -0.337875057802 0.000124112302364 0.0409984305476 -0.000165483069819 0.0 0.0 0.0 0.0 0.0 0.0 0.0 0.00351515151515 7.93939393939 0.0 7.94 0.00157575757576
12.953029578 6.2056151182e-05 0.296814571104 -0.337875057802 0.000124112302364 0.0409984305476 -0.000165483069819 0.0 0.0 0.0 0.0 0.0 0.0 0.0 0.00327272727273 7.93939393939 7.94303030303 7.94 0.00145454545455
12.994956802 6.2056151182e-05 0.296814571104 -0.337854372419 0.000124112302364 0.0409984305476 -0.000165483069819 0.0 0.0 0.0 0.0 0.0 0.0 0.0 0.00327272727273 7.93939393939 7.94327272727 7.93987878788 0.00157575757576
13.037006702 6.2056151182e-05 0.296814571104 -0.337854372419 0.000124112302364 0.0409984305476 -0.000165483069819 0.0 0.0 0.0 0.0 0.0 0.0 0.000606060606061 0.00315151515152 7.93939393939 0.0 7.94012121212 0.00169696969697
13.078922198 6.2056151182e-05 0.296814571104 -0.337854372419 0.000124112302364 0.0409984305476 -0.000165483069819 0.0 0.0 0.0 0.0 0.0 0.0 0.0 0.00315151515152 7.93939393939 7.94351515152 7.94012121212 0.00157575757576
13.120906325 6.2056151182e-05 0.296814571104 -0.337854372419 0.000124112302364 0.0409984305476 -0.000165483069819 0.0 0.0 0.0 0.0 0.0 0.0 0.0 0.00424242424242 7.93939393939 0.0 7.94012121212 0.00145454545455
13.162898351 6.2056151182e-05 0.296814571104 -0.337854372419 0.000124112302364 0.0409984305476 -0.000165483069819 0.0 0.0 0.0 0.0 0.0 0.0 0.0 0.00327272727273 7.93939393939 7.94339393939 7.94 0.00157575757576
13.204915364 6.2056151182e-05 0.296814571104 -0.337854372419 0.000124112302364 0.0409984305476 -0.000165483069819 0.0 0.0 0.0 0.0 0.0 0.0 0.000606060606061 0.00315151515152 7.93939393939 7.94315151515 7.94 0.00157575757576
13.246931372 6.2056151182e-05 0.296814571104 -0.337833687035 0.000124112302364 0.0409984305476 -0.000165483069819 0.0 0.0 0.0 0.0 0.0 0.0 0.0 0.00315151515152 7.93939393939 7.94303030303 7.94 0.00145454545455
13.288847503 6.2056151182e-05 0.296814571104 -0.337833687035 0.000124112302364 0.0409984305476 -0.000165483069819 0.0 0.0 0.0 0.0 0.0 0.0 0.0 0.00315151515152 7.93939393939 0.0 7.94 0.00157575757576
13.329845825 6.2056151182e-05 0.296814571104 -0.337833687035 0.000124112302364 0.0409984305476 -0.000165483069819 0.0 0.0 0.0 0.0 0.0 0.0 0.0 0.00315151515152 7.93951515152 0.0 7.94 0.00157575757576
13.371857518 6.2056151182e-05 0.296814571104 -0.337833687035 0.000144797686091 0.0409984305476 -0.000165483069819 0.0 0.0 0.0 0.0 0.0 0.0 0.0 0.00387878787879 7.93951515152 0.0 7.94 0.00145454545455
13.413832946 6.2056151182e-05 0.296814571104 -0.337833687035 0.000144797686091 0.0409984305476 -0.000165483069819 0.0 0.0 0.0 0.0 0.0 0.0 0.0 0.00327272727273 7.93939393939 7.94327272727 7.94 0.00157575757576
13.455798562 6.2056151182e-05 0.296814571104 -0.337833687035 0.000144797686091 0.0409984305476 -0.000165483069819 0.0 0.0 0.0 0.0 0.0 0.0 0.0 0.00315151515152 7.93939393939 0.0 7.94 0.00157575757576
13.497771677 6.2056151182e-05 0.296814571104 -0.337833687035 0.000144797686091 0.0409984305476 -0.000165483069819 0.0 0.0 0.0 0.0 0.0 0.0 0.000363636363636 0.00387878787879 7.93939393939 0.0 7.94 0.00157575757576
13.539766705 6.2056151182e-05 0.296814571104 -0.337833687035 0.000144797686091 0.0409984305476 -0.000165483069819 0.0 0.0 0.0 0.0 0.0 0.0 0.0 0.00424242424242 7.93939393939 0.0 7.94 0.00157575757576
13.58176407 6.2056151182e-05 0.296814571104 -0.337833687035 0.000144797686091 0.0409984305476 -0.000165483069819 0.0 0.0 0.0 0.0 0.0 0.0 0.0 0.00327272727273 7.93939393939 0.0 7.94 0.00157575757576
13.623762124 6.2056151182e-05 0.296814571104 -0.337833687035 0.000144797686091 0.0409984305476 -0.000165483069819 0.0 0.0 0.0 0.0 0.0 0.0 0.0 0.00327272727273 7.93939393939 7.94327272727 7.94 0.00157575757576
13.665724485 6.2056151182e-05 0.296814571104 -0.337833687035 0.000144797686091 0.0409984305476 -0.000165483069819 0.0 0.0 0.0 0.0 0.0 0.0 0.0 0.00375757575758 7.93987878788 0.0 7.94 0.00169696969697
13.707734605 6.2056151182e-05 0.296814571104 -0.337833687035 0.000144797686091 0.0409984305476 -0.000165483069819 0.0 0.0 0.0 0.0 0.0 0.0 0.0 0.00315151515152 7.93939393939 0.0 7.94 0.00145454545455
13.749792145 6.2056151182e-05 0.296814571104 -0.337833687035 0.000144797686091 0.0409984305476 -0.000165483069819 0.0 0.0 0.0 0.0 0.0 0.0 0.0 0.00315151515152 7.93939393939 7.94351515152 7.94 0.00157575757576
13.791666816 6.2056151182e-05 0.296814571104 -0.337833687035 0.000144797686091 0.0409984305476 -0.000165483069819 0.0 0.0 0.0 0.0 0.0 0.0 0.000848484848485 0.00327272727273 7.93939393939 7.94351515152 7.94 0.00169696969697
13.83371037 6.2056151182e-05 0.296814571104 -0.337833687035 0.000144797686091 0.0409984305476 -0.000165483069819 0.0 0.0 0.0 0.0 0.0 0.0 0.0 0.004 7.93987878788 7.94303030303 7.94 0.00169696969697
13.875735461 6.2056151182e-05 0.296814571104 -0.337833687035 0.000144797686091 0.0409984305476 -0.000165483069819 0.0 0.0 0.0 0.0 0.0 0.0 0.0 0.00424242424242 7.93951515152 7.94351515152 7.94 0.00145454545455
13.917712329 6.2056151182e-05 0.296814571104 -0.337833687035 0.000144797686091 0.0409984305476 -0.000165483069819 0.0 0.0 0.0 0.0 0.0 0.0 0.000848484848485 0.00339393939394 7.93939393939 0.0 7.94 0.00157575757576
13.959730673 6.2056151182e-05 0.296814571104 -0.337833687035 0.000144797686091 0.0409984305476 -0.000165483069819 0.0 0.0 0.0 0.0 0.0 0.0 0.0 0.00315151515152 7.93939393939 7.94315151515 7.94 0.00157575757576
14.001702903 6.2056151182e-05 0.296814571104 -0.337833687035 0.000144797686091 0.0409984305476 -0.000165483069819 0.0 0.0 0.0 0.0 0.0 0.0 0.0 0.00327272727273 7.93939393939 7.94351515152 7.94 0.00157575757576
14.04368795 6.2056151182e-05 0.296814571104 -0.337833687035 0.000144797686091 0.0409984305476 -0.000165483069819 0.0 0.0 0.0 0.0 0.0 0.0 0.0 0.00315151515152 7.93939393939 7.94303030303 7.94 0.00169696969697
14.085722781 6.2056151182e-05 0.296814571104 -0.337833687035 0.000144797686091 0.0409984305476 -0.000165483069819 0.0 0.0 0.0 0.0 0.0 0.0 0.0 0.00327272727273 7.93975757576 7.94303030303 7.94 0.00157575757576
14.127699493 6.2056151182e-05 0.296814571104 -0.337833687035 0.000144797686091 0.0409984305476 -0.000165483069819 0.0 0.0 0.0 0.0 0.0 0.0 0.0 0.00327272727273 7.93951515152 7.94303030303 7.94 0.00157575757576
14.16964339 6.2056151182e-05 0.296835256487 -0.337833687035 0.000144797686091 0.0409984305476 -0.000165483069819 0.0 0.0 0.0 0.0 0.0 0.0 0.0 0.00412121212121 7.93975757576 7.94351515152 7.94 0.00157575757576
14.211600594 6.2056151182e-05 0.296835256487 -0.337833687035 0.000144797686091 0.0409984305476 -0.000165483069819 0.0 0.0 0.0 0.0 0.0 0.0 0.000363636363636 0.00327272727273 7.93951515152 0.0 7.94 0.00145454545455
14.253544795 6.2056151182e-05 0.296835256487 -0.337833687035 0.000144797686091 0.0409984305476 -0.000165483069819 0.0 0.0 0.0 0.0 0.0 0.0 0.0 0.00339393939394 7.93951515152 7.94327272727 7.94 0.00145454545455
14.294648814 6.2056151182e-05 0.296835256487 -0.337833687035 0.000144797686091 0.0409984305476 -0.000165483069819 0.0 0.0 0.0 0.0 0.0 0.0 0.0 0.00315151515152 7.93963636364 0.0 7.94 0.00157575757576
14.336588034 6.2056151182e-05 0.296835256487 -0.337833687035 0.000144797686091 0.0409984305476 -0.000165483069819 0.0 0.0 0.0 0.0 0.0 0.0 0.000606060606061 0.00315151515152 7.93939393939 0.0 7.94 0.00169696969697
14.377561716 6.2056151182e-05 0.296835256487 -0.337833687035 0.000144797686091 0.0409984305476 -0.000165483069819 0.0 0.0 0.0 0.0 0.0 0.0 0.0 0.00315151515152 7.93939393939 0.0 7.94 0.00145454545455
14.419557019 6.2056151182e-05 0.296835256487 -0.337833687035 0.000144797686091 0.0409984305476 -0.000165483069819 0.0 0.0 0.0 0.0 0.0 0.0 0.0 0.00315151515152 7.93975757576 7.94303030303 7.94 0.00157575757576
14.461517762 6.2056151182e-05 0.296835256487 -0.337833687035 0.000144797686091 0.0409984305476 -0.000165483069819 0.0 0.0 0.0 0.0 0.0 0.0 0.000363636363636 0.00351515151515 7.93951515152 0.0 7.93987878788 0.00169696969697
14.503514221 6.2056151182e-05 0.296835256487 -0.337833687035 0.000144797686091 0.0409984305476 -0.000165483069819 0.0 0.0 0.0 0.0 0.0 0.0 0.000606060606061 0.00327272727273 7.93939393939 0.0 7.94 0.00145454545455
14.545528361 6.2056151182e-05 0.296835256487 -0.337833687035 0.000144797686091 0.0409984305476 -0.000165483069819 0.0 0.0 0.0 0.0 0.0 0.0 0.0 0.00351515151515 7.93963636364 0.0 7.94 0.00157575757576
14.587492844 6.2056151182e-05 0.296835256487 -0.337833687035 0.000144797686091 0.0409984305476 -0.000165483069819 0.0 0.0 0.0 0.0 0.0 0.0 0.0 0.00327272727273 7.93963636364 7.94327272727 7.94 0.00157575757576
14.629570843 4.13707674547e-05 0.296835256487 -0.337833687035 0.000144797686091 0.0409984305476 -0.000165483069819 0.0 0.0 0.0 0.0 0.0 0.0 0.0 0.00363636363636 7.93939393939 0.0 7.94 0.00169696969697
14.671543998 4.13707674547e-05 0.296835256487 -0.337833687035 0.000144797686091 0.0409984305476 -0.000165483069819 0.0 0.0 0.0 0.0 0.0 0.0 0.0 0.00315151515152 7.93939393939 0.0 7.94 0.00157575757576
14.713485193 4.13707674547e-05 0.296835256487 -0.337833687035 0.000144797686091 0.0409984305476 -0.000165483069819 0.0 0.0 0.0 0.0 0.0 0.0 0.0 0.00327272727273 7.93987878788 0.0 7.94 0.00157575757576
14.755516589 4.13707674547e-05 0.296835256487 -0.337833687035 0.000144797686091 0.0409984305476 -0.000165483069819 0.0 0.0 0.0 0.0 0.0 0.0 0.0 0.00315151515152 7.93963636364 7.94327272727 7.94 0.00157575757576
14.797454258 4.13707674547e-05 0.296835256487 -0.337833687035 0.000144797686091 0.0409984305476 -0.000165483069819 0.0 0.0 0.0 0.0 0.0 0.0 0.0 0.00448484848485 7.93939393939 0.0 7.94 0.00169696969697
14.839500554 4.13707674547e-05 0.296835256487 -0.337833687035 0.000144797686091 0.0409984305476 -0.000165483069819 0.0 0.0 0.0 0.0 0.0 0.0 0.0 0.00315151515152 7.93939393939 0.0 7.94 0.00157575757576
14.881481946 4.13707674547e-05 0.296835256487 -0.337833687035 0.000144797686091 0.0409984305476 -0.000165483069819 0.0 0.0 0.0 0.0 0.0 0.0 0.0 0.00327272727273 7.93939393939 7.94303030303 7.94 0.00145454545455
14.923444538 4.13707674547e-05 0.296835256487 -0.337833687035 0.000144797686091 0.0409984305476 -0.000165483069819 0.0 0.0 0.0 0.0 0.0 0.0 0.0 0.00327272727273 7.93951515152 7.94327272727 7.94 0.00157575757576
14.965428767 4.13707674547e-05 0.296835256487 -0.337833687035 0.000144797686091 0.0409984305476 -0.000165483069819 0.0 0.0 0.0 0.0 0.0 0.0 0.0 0.00327272727273 7.93975757576 0.0 7.93987878788 0.00157575757576
15.007420189 4.13707674547e-05 0.296835256487 -0.337833687035 0.000144797686091 0.0409984305476 -0.000165483069819 0.0 0.0 0.0 0.0 0.0 0.0 0.000363636363636 0.00327272727273 7.93975757576 7.94351515152 7.94 0.00157575757576
15.049383741 4.13707674547e-05 0.296835256487 -0.337833687035 0.000144797686091 0.0409984305476 -0.000165483069819 0.0 0.0 0.0 0.0 0.0 0.0 0.0 0.00339393939394 7.93951515152 7.94303030303 7.94 0.00169696969697
15.091450516 4.13707674547e-05 0.296835256487 -0.337833687035 0.000144797686091 0.0409984305476 -0.000165483069819 0.0 0.0 0.0 0.0 0.0 0.0 0.0 0.00315151515152 7.93951515152 0.0 7.94 0.00169696969697
15.133359452 4.13707674547e-05 0.296835256487 -0.337833687035 0.000144797686091 0.0409984305476 -0.000165483069819 0.0 0.0 0.0 0.0 0.0 0.0 0.0 0.00315151515152 7.93951515152 0.0 7.93987878788 0.00145454545455
15.175362554 4.13707674547e-05 0.296835256487 -0.337833687035 0.000144797686091 0.0409984305476 -0.000165483069819 0.0 0.0 0.0 0.0 0.0 0.0 0.000606060606061 0.00315151515152 7.93963636364 0.0 7.94 0.00145454545455
15.217344587 4.13707674547e-05 0.296835256487 -0.337833687035 0.000144797686091 0.0409984305476 -0.000165483069819 0.0 0.0 0.0 0.0 0.0 0.0 0.0 0.00387878787879 7.93951515152 7.94303030303 7.94 0.00169696969697
15.259321219 4.13707674547e-05 0.296835256487 -0.337833687035 0.000144797686091 0.0409984305476 -0.000165483069819 0.0 0.0 0.0 0.0 0.0 0.0 0.0 0.00363636363636 7.93963636364 0.0 7.93987878788 0.00157575757576
15.301332149 4.13707674547e-05 0.296835256487 -0.337833687035 0.000144797686091 0.0409984305476 -0.000165483069819 0.0 0.0 0.0 0.0 0.0 0.0 0.0 0.00315151515152 7.94 7.94327272727 7.94 0.00157575757576
15.343298351 4.13707674547e-05 0.296835256487 -0.337833687035 0.000144797686091 0.0409984305476 -0.000165483069819 0.0 0.0 0.0 0.0 0.0 0.0 0.000606060606061 0.00327272727273 7.93939393939 7.94351515152 7.94 0.00169696969697
15.384317209 4.13707674547e-05 0.296835256487 -0.337833687035 0.000144797686091 0.0409984305476 -0.000165483069819 0.0 0.0 0.0 0.0 0.0 0.0 0.0 0.00412121212121 7.93939393939 0.0 7.94 0.00157575757576
15.426325531 4.13707674547e-05 0.296835256487 -0.337833687035 0.000165483069819 0.0409984305476 -0.000165483069819 0.0 0.0 0.0 0.0 0.0 0.0 0.0 0.00339393939394 7.93951515152 0.0 7.94 0.00145454545455
15.468349675 4.13707674547e-05 0.296835256487 -0.337833687035 0.000165483069819 0.0409984305476 -0.000165483069819 0.0 0.0 0.0 0.0 0.0 0.0 0.0 0.00375757575758 7.93951515152 7.94327272727 7.94 0.00157575757576
15.510283376 4.13707674547e-05 0.296835256487 -0.337833687035 0.000165483069819 0.0409984305476 -0.000165483069819 0.0 0.0 0.0 0.0 0.0 0.0 0.0 0.00315151515152 7.93939393939 7.94351515152 7.94 0.00145454545455
15.552292039 4.13707674547e-05 0.296835256487 -0.337833687035 0.000165483069819 0.0409984305476 -0.000165483069819 0.0 0.0 0.0 0.0 0.0 0.0 0.0 0.00363636363636 7.93951515152 7.94351515152 7.94 0.00157575757576
15.594282573 4.13707674547e-05 0.296835256487 -0.337833687035 0.000165483069819 0.0409984305476 -0.000165483069819 0.0 0.0 0.0 0.0 0.0 0.0 0.0 0.00315151515152 7.93951515152 7.94327272727 7.94 0.00181818181818
15.635262394 4.13707674547e-05 0.296835256487 -0.337833687035 0.000165483069819 0.0409984305476 -0.000165483069819 0.0 0.0 0.0 0.0 0.0 0.0 0.0 0.00315151515152 7.93951515152 7.94327272727 7.94 0.00157575757576
15.677220007 4.13707674547e-05 0.296835256487 -0.337833687035 0.000165483069819 0.0409984305476 -0.000165483069819 0.0 0.0 0.0 0.0 0.0 0.0 0.0 0.00327272727273 7.93939393939 0.0 7.94 0.00145454545455
15.719194806 4.13707674547e-05 0.296835256487 -0.337833687035 0.000165483069819 0.0409984305476 -0.000165483069819 0.0 0.0 0.0 0.0 0.0 0.0 0.0 0.00327272727273 7.93951515152 0.0 7.94 0.00145454545455
15.760241514 4.13707674547e-05 0.296835256487 -0.337833687035 0.000165483069819 0.0409984305476 -0.000165483069819 0.0 0.0 0.0 0.0 0.0 0.0 0.0 0.00315151515152 7.93939393939 7.94303030303 7.94 0.00157575757576
15.802167091 4.13707674547e-05 0.296835256487 -0.337833687035 0.000165483069819 0.0409984305476 -0.000165483069819 0.0 0.0 0.0 0.0 0.0 0.0 0.0 0.00315151515152 7.93939393939 0.0 7.94 0.00169696969697
15.843231605 4.13707674547e-05 0.296835256487 -0.337833687035 0.000165483069819 0.0409984305476 -0.000165483069819 0.0 0.0 0.0 0.0 0.0 0.0 0.000606060606061 0.00315151515152 7.93951515152 0.0 7.94 0.00145454545455
15.885209897 4.13707674547e-05 0.296835256487 -0.337833687035 0.000165483069819 0.0409984305476 -0.000165483069819 0.0 0.0 0.0 0.0 0.0 0.0 0.0 0.00424242424242 7.93939393939 7.94315151515 7.94 0.00157575757576
15.92618671 4.13707674547e-05 0.296835256487 -0.337833687035 0.000165483069819 0.0409984305476 -0.000165483069819 0.0 0.0 0.0 0.0 0.0 0.0 0.000848484848485 0.00315151515152 7.93951515152 0.0 7.94 0.00169696969697
15.968147378 4.13707674547e-05 0.296835256487 -0.337833687035 0.000165483069819 0.0409984305476 -0.000165483069819 0.0 0.0 0.0 0.0 0.0 0.0 0.0 0.00363636363636 7.93939393939 0.0 7.94 0.00157575757576
16.009140773 4.13707674547e-05 0.296835256487 -0.337833687035 0.000165483069819 0.0409984305476 -0.000165483069819 0.0 0.0 0.0 0.0 0.0 0.0 0.0 0.00351515151515 7.93987878788 7.94327272727 7.94 0.00157575757576
16.050164445 4.13707674547e-05 0.296835256487 -0.337833687035 0.000165483069819 0.0409984305476 -0.000165483069819 0.0 0.0 0.0 0.0 0.0 0.0 0.000363636363636 0.00315151515152 7.93939393939 0.0 7.94012121212 0.00169696969697
16.092186009 4.13707674547e-05 0.296835256487 -0.337833687035 0.000165483069819 0.0409777451639 -0.000165483069819 0.0 0.0 0.0 0.0 0.0 0.0 0.0 0.00315151515152 7.93939393939 7.94351515152 7.93987878788 0.00145454545455
16.134132376 4.13707674547e-05 0.296835256487 -0.337833687035 0.000165483069819 0.0409777451639 -0.000165483069819 0.0 0.0 0.0 0.0 0.0 0.0 0.0 0.00327272727273 7.93939393939 0.0 7.93987878788 0.00157575757576
16.175092155 4.13707674547e-05 0.296835256487 -0.337833687035 0.000165483069819 0.0409777451639 -0.000165483069819 0.0 0.0 0.0 0.0 0.0 0.0 0.000606060606061 0.00327272727273 7.93939393939 7.94315151515 7.93987878788 0.00157575757576
16.216094774 4.13707674547e-05 0.296835256487 -0.337833687035 0.000165483069819 0.0409777451639 -0.000165483069819 0.0 0.0 0.0 0.0 0.0 0.0 0.000363636363636 0.00327272727273 7.93963636364 0.0 7.94 0.00145454545455
16.258131174 4.13707674547e-05 0.296835256487 -0.337833687035 0.000165483069819 0.0409777451639 -0.000165483069819 0.0 0.0 0.0 0.0 0.0 0.0 0.0 0.00412121212121 7.93963636364 7.94327272727 7.94 0.00157575757576
