0.426495943433 0.969499011771 -0.101397626704 -0.144385213136 -0.274143390538 0.442812009451 
0.0483078322779 0.911714882775 0.128124038187 0.700031689249 -0.475701769578 -0.286823530763 
0.0907946896894 0.77542896155 0.720849498287 2.30233951923 -0.836537603317 -2.46106421434 
0.350885861298 0.710058787889 0.331720458028 0.0209054366168 -1.01017071432 0.339426461582 
--
0.523512191205 0.556084614006 0.76084522882 -0.00668473242715 -1.31759688728 0.553044419334 
0.151846075546 0.691469222994 1.00332325712 2.28277353275 -0.87956320147 -2.28803097946 
0.0247234954001 0.771635939217 0.646804194342 1.01827001839 -0.739316299799 -0.82356786772 
0.561780406617 0.863444605174 0.270931954908 -0.0615145602004 -0.408639755534 0.552030835532 
--
0.0221822956197 0.593939727975 0.634986989452 0.000150218706228 -1.19797331319 0.0160932285399 
0.534102609994 0.811756852006 0.839772640717 -1.83634857429 -0.728932237168 2.62187238744 
-0.478509170464 0.88722923366 0.939793262614 -0.962951979825 -2.61816970375 0.485713495302 
-0.304656054456 0.894377140431 0.269955533318 0.532387613098 -0.406984924835 -0.529690621106 
--
-0.316986506592 0.709533022418 0.328015063275 -0.0135196835605 -0.999786651694 -0.320520020855 
-0.101635472989 0.708143499385 0.653726773054 -2.04875782489 -1.091174677 2.01101232059 
-0.0497724646636 0.787534085627 0.726858246536 -2.31688569728 -0.814197388892 2.60273840749 
-0.711623566079 0.846181972183 0.393773301926 1.20842186403 -0.688637109667 -1.96225687114 
--
-0.4667044838 0.561630187911 0.732866994785 -0.0313706731506 -1.25024527786 -0.456857385002 
-0.253469030309 0.575037207441 0.808965287715 -1.11866618706 -1.24474296579 0.848348957426 
0.077037159844 0.772499696778 0.807988866125 -1.45346612856 -0.80586117925 1.52867054283 
-0.0390819000704 0.757865891147 0.607246601702 -0.857022755483 -0.756547224444 1.22951852337 
--
